2238.72  0.649817
2344.23  1.28744
2454.71  1.45949
2570.4  1.22485
2691.53  1.41174
2818.38  1.31738
2951.21  1.18452
3090.3  1.32091
3235.94  1.38224
3388.44  1.30721
3548.13  1.48704
3715.35  1.44349
3890.45  1.33387
4073.8  1.43906
4265.8  1.38955
4466.84  1.35619
4677.35  1.49012
4897.79  1.48068
5128.61  1.40134
5370.32  1.38679
5623.41  1.35912
5888.44  1.48232
6165.95  1.38744
6456.54  1.3418
6760.83  1.41951
7079.46  1.5059
7413.1  1.44397
7762.47  1.40697
8128.31  1.28755
8511.38  1.42348
8912.51  1.41788
9332.54  1.29823
9772.37  1.28201
10232.9  1.19673
10715.2  1.28876
11220.2  1.21915
11749  1.09405
12302.7  1.14541
12882.5  1.14611
13489.6  1.06716
14125.4  1.00376
14791.1  1.03785
15488.2  0.949085
16218.1  0.984019
16982.4  1.019
17782.8  0.948698
18620.9  0.999301
19498.4  0.926487
20417.4  0.927328
21379.6  0.873403
22387.2  0.804026
23442.3  0.784512
24547.1  0.691709
25704  0.71126
26915.3  0.670373
28183.8  0.627105
29512.1  0.512066
30903  0.463022
32359.4  0.467681
33884.4  0.422921
35481.3  0.419187
37153.5  0.425449
38904.5  0.382303
40738  0.334183
42658  0.327795
44668.4  0.265891
46773.5  0.251139
48977.9  0.242939
51286.1  0.220574
53703.2  0.200943
56234.1  0.177609
58884.4  0.165194
61659.5  0.141208
64565.4  0.129136
67608.3  0.105339
70794.6  0.0938509
74131  0.0960704
77624.7  0.0867118
81283.1  0.0961655
85113.8  0.086225
89125.1  0.0803951
93325.4  0.0774748
97723.7  0.076432
102329  0.0715066
107152  0.0664646
112202  0.0578613
117490  0.048604
123027  0.0480049
128825  0.0476983
134896  0.035572
141254  0.0318191
147911  0.0234875
154882  0.0194864
162181  0.0168689
169824  0.0164933
177828  0.01514
186209  0.0121269
194984  0.0103562
204174  0.00999639
213796  0.00914027
223872  0.0118325
234423  0.00898437
245471  0.00928764
257040  0.00827833
269153  0.00621165
281838  0.00570096
295121  0.0064744
309030  0.00604247
323594  0.00462984
338844  0.00378067
354813  0.00348812
371535  0.00379865
389045  0.00329282
407380  0.00261164
426580  0.00315579
446684  0.00247906
467735  0.00204253
489779  0.00172895
512861  0.00194749
537032  0.00153639
562341  0.00162164
588844  0.00103246
616595  0.000880351
645654  0.000975247
676083  0.00118828
707946  0.000429382
741310  0.000849405
776247  0.000615373
812830  0.000774666
851138  0.000408166
891251  0.000657779
933254  0.00032572
977237  0.000288842
1.02329e+06  0.000233404
1.07152e+06  0.000243163
1.12202e+06  0.000212867
1.1749e+06  0.000147845
1.23027e+06  0.000105893
1.28825e+06  6.74181e-05
1.34896e+06  9.65756e-05
1.41254e+06  3.0743e-05
1.47911e+06  0.000102758
1.54882e+06  9.81328e-05
1.62181e+06  8.03281e-05
1.69824e+06  0.00014064
1.77828e+06  6.10486e-05
1.86209e+06  3.49814e-05
1.94984e+06  6.68139e-05
2.04174e+06  6.38069e-05
2.13796e+06  3.04675e-05
2.23872e+06  2.90963e-05
2.34423e+06  3.7049e-05
2.45471e+06  4.42269e-05
2.5704e+06  8.44727e-06
2.69153e+06  2.42013e-05
2.81838e+06  7.704e-06
2.95121e+06  7.35727e-06
3.0903e+06  2.10784e-05
3.23594e+06  6.70991e-06
3.38844e+06  6.4079e-06
3.89045e+06  5.58106e-06
4.0738e+06  5.32987e-06
4.2658e+06  5.08998e-06
4.46684e+06  4.86089e-06
4.67735e+06  4.64213e-06
5.37032e+06  4.04312e-06
5.62341e+06  3.86106e-06
6.16595e+06  7.04282e-06
7.07946e+06  3.06701e-06
7.4131e+06  2.92898e-06
9.33254e+06  2.32657e-06
1.28825e+07  1.68545e-06
