1778.28  0.463981
1862.09  2.11055
1949.84  2.34963
2041.74  2.29705
2137.96  2.12257
2238.72  1.93005
2344.23  2.06546
2454.71  2.06982
2570.4  2.01889
2691.53  2.09744
2818.38  2.08008
2951.21  2.28075
3090.3  2.23431
3235.94  2.21427
3388.44  2.03772
3548.13  2.27034
3715.35  2.18569
3890.45  2.39427
4073.8  2.59564
4265.8  2.34137
4466.84  2.45961
4677.35  2.37676
4897.79  2.45599
5128.61  2.39626
5370.32  2.51078
5623.41  2.5136
5888.44  2.48528
6165.95  2.51429
6456.54  2.41457
6760.83  2.48896
7079.46  2.31253
7413.1  2.3168
7762.47  2.18458
8128.31  2.04618
8511.38  2.08675
8912.51  1.86371
9332.54  2.01248
9772.37  1.84859
10232.9  1.70173
10715.2  1.57043
11220.2  1.62553
11749  1.64293
12302.7  1.66782
12882.5  1.55399
13489.6  1.5774
14125.4  1.54945
14791.1  1.42393
15488.2  1.37666
16218.1  1.25446
16982.4  1.33097
17782.8  1.21487
18620.9  1.09958
19498.4  1.0345
20417.4  0.868838
21379.6  0.999336
22387.2  0.925261
23442.3  0.871577
24547.1  0.855349
25704  0.720552
26915.3  0.73007
28183.8  0.63558
29512.1  0.604768
30903  0.547335
32359.4  0.530754
33884.4  0.490204
35481.3  0.439993
37153.5  0.390385
38904.5  0.345468
40738  0.305934
42658  0.278422
44668.4  0.260544
46773.5  0.250675
48977.9  0.244269
51286.1  0.205756
53703.2  0.215094
56234.1  0.184172
58884.4  0.148232
61659.5  0.163393
64565.4  0.141579
67608.3  0.156724
70794.6  0.140163
74131  0.133268
77624.7  0.135942
81283.1  0.115666
85113.8  0.119133
89125.1  0.119862
93325.4  0.0939934
97723.7  0.09554
102329  0.0899668
107152  0.0814596
112202  0.0706333
117490  0.0595075
123027  0.060712
128825  0.0426419
134896  0.0362158
141254  0.0324339
147911  0.0300933
154882  0.0269164
162181  0.0265083
169824  0.0248038
177828  0.0197797
186209  0.0164413
194984  0.0157013
204174  0.0149946
213796  0.0144213
223872  0.0130933
234423  0.00981797
245471  0.0107029
257040  0.00827833
269153  0.00822842
281838  0.00754991
295121  0.00721012
309030  0.00639377
323594  0.00523374
338844  0.00422922
354813  0.00465082
371535  0.00397397
389045  0.00312539
407380  0.00234514
426580  0.00300309
446684  0.00252767
467735  0.00232106
489779  0.00226093
512861  0.00224384
537032  0.00206199
562341  0.00173747
588844  0.00162244
616595  0.0015142
645654  0.00134517
676083  0.00134886
707946  0.000889434
741310  0.00105443
776247  0.000811173
812830  0.000293839
851138  0.000561228
891251  0.000535968
933254  0.000255923
977237  0.000177749
1.02329e+06  0.000233404
1.07152e+06  0.000243163
1.12202e+06  0.000135461
1.1749e+06  0.000184806
1.23027e+06  7.05955e-05
1.28825e+06  0.000134836
1.34896e+06  0.000209247
1.41254e+06  7.68576e-05
1.47911e+06  8.80781e-05
1.54882e+06  4.20569e-05
1.62181e+06  6.69401e-05
1.69824e+06  1.27855e-05
1.77828e+06  2.44194e-05
1.86209e+06  6.99629e-05
1.94984e+06  3.3407e-05
2.04174e+06  5.31724e-05
2.13796e+06  6.0935e-05
2.23872e+06  2.90963e-05
2.34423e+06  9.26224e-06
2.45471e+06  1.76907e-05
2.5704e+06  1.68945e-05
2.81838e+06  1.5408e-05
3.0903e+06  7.02612e-06
3.23594e+06  6.70991e-06
3.71535e+06  5.84408e-06
4.89779e+06  4.43319e-06
5.12861e+06  4.23366e-06
8.51138e+06  5.10207e-06
8.91251e+06  2.43622e-06
1.47911e+07  1.46797e-06
2.13796e+07  1.01559e-06
3.89045e+07  5.58105e-07
