323.594  0.603891
338.844  0.768949
354.813  0.734341
371.535  0.876612
389.045  0.390674
407.38  0.373091
426.58  0.967085
446.684  0.826352
467.735  0.603476
489.779  0.842306
512.861  0.762059
537.032  1.21293
562.341  1.08112
588.844  0.958715
616.595  1.05642
645.654  1.31154
676.083  0.931354
707.946  1.22681
741.31  1.46447
776.247  1.67829
812.831  1.97673
851.138  1.83675
891.251  2.33877
933.254  2.39637
977.237  2.59957
1023.29  2.86451
1071.52  3.20165
1122.02  3.28977
1174.9  3.67764
1230.27  3.70626
1288.25  3.60687
1348.96  4.21708
1412.54  3.88899
1479.11  4.59473
1548.82  4.34589
1621.81  4.73935
1698.24  4.69226
1778.28  4.65202
1862.09  4.61755
1949.84  4.36518
2041.74  4.91313
2137.96  4.88497
2238.72  4.22866
2344.23  4.01051
2454.71  3.92735
2570.4  4.1476
2691.53  3.98514
2818.38  3.73644
2951.21  3.64184
3090.3  3.56928
3235.94  3.52941
3388.44  3.6461
3548.13  3.37797
3715.35  3.30191
3890.45  3.16446
4073.8  3.13929
4265.8  2.95725
4466.84  2.7464
4677.35  2.56245
4897.79  2.60671
5128.61  2.30735
5370.32  2.29245
5623.41  2.08888
5888.44  1.90268
6165.95  1.84874
6456.54  1.63438
6760.83  1.67323
7079.46  1.66539
7413.1  1.37367
7762.47  1.36221
8128.31  1.37303
8511.38  1.26532
8912.51  1.16207
9332.54  1.09116
9772.37  0.977619
10232.9  0.939983
10715.2  0.89565
11220.2  0.843728
11749  0.733681
12302.7  0.718309
12882.5  0.606763
13489.6  0.550481
14125.4  0.4965
14791.1  0.43305
15488.2  0.417766
16218.1  0.389591
16982.4  0.372057
17782.8  0.308907
18620.9  0.296176
19498.4  0.314026
20417.4  0.357319
21379.6  0.429592
22387.2  0.492697
23442.3  0.530726
24547.1  0.490034
25704  0.488252
26915.3  0.425135
28183.8  0.406771
29512.1  0.348735
30903  0.309149
32359.4  0.293223
33884.4  0.242859
35481.3  0.213571
37153.5  0.189933
38904.5  0.162409
40738  0.148703
42658  0.134884
44668.4  0.128328
46773.5  0.113732
48977.9  0.0988602
51286.1  0.0969511
53703.2  0.0917787
56234.1  0.08031
58884.4  0.0752222
61659.5  0.0591596
64565.4  0.0595237
67608.3  0.043356
70794.6  0.0407914
74131  0.0383696
77624.7  0.0341253
81283.1  0.0288496
85113.8  0.0188777
89125.1  0.0207078
93325.4  0.0188452
97723.7  0.0166639
102329  0.0203698
107152  0.0151977
112202  0.011611
117490  0.0110884
123027  0.00953038
128825  0.00691035
134896  0.00579454
141254  0.00645604
147911  0.00792702
154882  0.00504683
162181  0.00508745
169824  0.00306851
177828  0.00390711
186209  0.00384796
194984  0.00322934
204174  0.00276496
213796  0.00243741
223872  0.00213373
234423  0.00213031
245471  0.00194598
257040  0.00152051
269153  0.00201677
281838  0.001926
295121  0.00169217
309030  0.00196732
323594  0.00154328
338844  0.00115342
354813  0.00146868
371535  0.00122726
389045  0.0015627
407380  0.00106597
426580  0.0014761
446684  0.00136105
467735  0.00102127
489779  0.000886639
512861  0.0012701
537032  0.00137466
562341  0.000965263
588844  0.000995589
616595  0.000845137
645654  0.000874359
676083  0.0010277
707946  0.000766754
741310  0.000673666
776247  0.000727259
812830  0.00050754
851138  0.000535718
891251  0.00034107
933254  0.000116329
977237  0.000111093
1.02329e+06  4.24372e-05
