257.04  3.80127
269.153  4.19488
281.838  3.38976
295.121  3.16362
309.03  3.86437
323.594  4.96533
338.844  4.10106
354.813  4.71202
371.535  5.435
389.045  5.97173
407.38  4.74359
426.58  4.73363
446.684  6.02751
467.735  4.87423
489.779  6.73845
512.861  6.39283
537.032  6.95416
562.341  6.4095
588.844  7.41161
616.595  6.93718
645.654  7.0285
676.083  8.76758
707.946  8.58765
741.31  8.17176
776.247  9.17465
812.831  8.73503
851.138  8.92862
891.251  9.57433
933.254  9.81813
977.237  11.3759
1023.29  10.0576
1071.52  11.3881
1122.02  11.5142
1174.9  12.2526
1230.27  12.7778
1288.25  12.4555
1348.96  13.1019
1412.54  13.7114
1479.11  14.7531
1548.82  16.0658
1621.81  17.6722
1698.24  17.5033
1778.28  18.3517
1862.09  18.6334
1949.84  18.4963
2041.74  19.1208
2137.96  18.636
2238.72  18.8835
2344.23  18.3113
2454.71  18.0623
2570.4  17.9758
2691.53  18.3688
2818.38  16.995
2951.21  17.422
3090.3  17.2913
3235.94  17.7611
3388.44  16.9938
3548.13  16.5288
3715.35  16.0829
3890.45  16.4474
4073.8  16.0909
4265.8  15.4225
4466.84  15.234
4677.35  15.3051
4897.79  14.6916
5128.61  14.3225
5370.32  14.2318
5623.41  13.6955
5888.44  13.7723
6165.95  13.4835
6456.54  12.7791
6760.83  12.4834
7079.46  12.0411
7413.1  11.3643
7762.47  10.976
8128.31  10.5622
8511.38  10.4363
8912.51  9.74243
9332.54  9.35746
9772.37  8.85189
10232.9  8.66142
10715.2  8.06693
11220.2  7.85093
11749  7.46802
12302.7  7.16191
12882.5  6.69125
13489.6  6.44964
14125.4  6.03793
14791.1  5.76324
15488.2  5.28235
16218.1  4.8237
16982.4  4.60149
17782.8  4.23923
18620.9  4.01586
19498.4  3.74492
20417.4  3.54767
21379.6  3.20722
22387.2  2.86113
23442.3  2.68142
24547.1  2.46609
25704  2.38889
26915.3  2.21441
28183.8  2.02307
29512.1  1.84005
30903  1.67503
32359.4  1.57884
33884.4  1.47894
35481.3  1.37873
37153.5  1.27284
38904.5  1.11789
40738  1.00308
42658  0.915687
44668.4  0.888085
46773.5  0.80448
48977.9  0.723054
51286.1  0.62362
53703.2  0.587869
56234.1  0.535142
58884.4  0.517706
61659.5  0.462361
64565.4  0.409267
67608.3  0.362584
70794.6  0.312836
74131  0.299634
77624.7  0.277198
81283.1  0.25564
85113.8  0.229083
89125.1  0.186371
93325.4  0.171468
97723.7  0.15953
102329  0.145135
107152  0.130903
112202  0.119012
117490  0.0985016
123027  0.0887737
128825  0.0830928
134896  0.0639009
141254  0.0684033
147911  0.0578379
154882  0.0466832
162181  0.043645
169824  0.0421921
177828  0.0356524
186209  0.032183
194984  0.030289
204174  0.0216943
213796  0.0206164
223872  0.0195915
234423  0.0191728
245471  0.0137988
257040  0.0129243
269153  0.0129073
281838  0.00939887
295121  0.010153
309030  0.00765848
323594  0.00744801
338844  0.00762541
354813  0.00691504
371535  0.00531811
389045  0.00418579
407380  0.0042106
426580  0.00361389
446684  0.00369428
467735  0.00334233
489779  0.00354656
512861  0.00313291
537032  0.0024663
562341  0.00154442
588844  0.00169619
616595  0.00119728
645654  0.00141243
676083  0.00125251
707946  0.000950774
741310  0.000790825
776247  0.000951031
812830  0.00061439
851138  0.00066327
891251  0.000584692
933254  0.000442049
977237  0.000266623
1.02329e+06  0.000339497
1.07152e+06  0.000243163
1.12202e+06  0.000232219
1.1749e+06  0.000147845
1.23027e+06  0.000194137
1.28825e+06  0.000168545
1.34896e+06  0.000112672
1.41254e+06  0.000153715
1.47911e+06  0.000146797
1.54882e+06  0.000210285
1.62181e+06  0.000160656
1.69824e+06  8.94983e-05
1.77828e+06  4.88389e-05
1.86209e+06  9.32839e-05
1.94984e+06  5.56783e-05
2.04174e+06  9.57103e-05
2.13796e+06  7.10909e-05
2.23872e+06  9.69878e-05
2.34423e+06  3.7049e-05
2.45471e+06  1.76907e-05
2.5704e+06  4.22363e-05
2.69153e+06  2.42013e-05
2.81838e+06  3.0816e-05
2.95121e+06  1.47145e-05
3.0903e+06  1.40522e-05
3.23594e+06  2.01297e-05
3.38844e+06  6.4079e-06
3.54813e+06  3.05976e-05
3.71535e+06  1.75322e-05
3.89045e+06  5.58106e-06
4.2658e+06  5.08998e-06
4.46684e+06  1.45827e-05
4.67735e+06  1.39264e-05
5.12861e+06  4.23366e-06
5.62341e+06  1.15832e-05
5.88844e+06  7.37473e-06
6.16595e+06  7.04282e-06
6.45654e+06  3.36292e-06
6.76083e+06  3.21156e-06
7.76247e+06  2.79715e-06
8.1283e+06  8.01378e-06
8.91251e+06  2.43622e-06
1.02329e+07  2.12186e-06
1.1749e+07  3.69613e-06
1.41254e+07  1.53715e-06
1.54882e+07  1.4019e-06
1.69824e+07  1.27855e-06
3.23594e+07  6.70991e-07
4.0738e+07  5.32987e-07
