4265.8  0.0152698
4466.84  0.0243045
4677.35  0.0278527
4897.79  0.0310323
5128.61  0.0296357
5370.32  0.0202156
5623.41  0.0154446
5888.44  0.0258116
6165.95  0.0246499
6456.54  0.0235404
6760.83  0.0353272
7079.46  0.0582733
7413.1  0.0380763
7762.47  0.0307687
8128.31  0.0427401
8511.38  0.0408166
8912.51  0.0292346
9332.54  0.0465314
9772.37  0.0288842
10232.9  0.0360716
10715.2  0.0364745
11220.2  0.0309625
11749  0.0351132
12302.7  0.0282382
12882.5  0.0269672
13489.6  0.0482878
14125.4  0.0322802
14791.1  0.0366992
15488.2  0.0504683
16218.1  0.0428417
16982.4  0.0345207
17782.8  0.0341873
18620.9  0.0361474
19498.4  0.0456562
20417.4  0.0478552
21379.6  0.0426546
22387.2  0.0436444
23442.3  0.0407539
24547.1  0.0327279
25704  0.0380127
26915.3  0.0435622
28183.8  0.0285048
29512.1  0.0412007
30903  0.0238888
32359.4  0.0301946
33884.4  0.0147382
35481.3  0.02509
37153.5  0.0280516
38904.5  0.021208
40738  0.0213195
42658  0.0198509
44668.4  0.016527
46773.5  0.0139264
48977.9  0.0115263
51286.1  0.0105842
53703.2  0.0121293
56234.1  0.00926653
58884.4  0.014012
61659.5  0.0102121
64565.4  0.00706213
67608.3  0.00545964
70794.6  0.00337372
74131  0.00497926
77624.7  0.00335658
81283.1  0.00373977
85113.8  0.00178573
89125.1  0.00267984
93325.4  0.00279188
97723.7  0.00244405
102329  0.00106093
107152  0.00202636
112202  0.00193516
117490  0.00184806
123027  0.00211786
128825  0.00219109
134896  0.000804797
141254  0.000922292
147911  0.00102758
154882  0.000981328
162181  0.000669401
169824  0.000894983
177828  0.000488388
186209  0.000349815
194984  0.000556783
204174  0.000638068
213796  0.000507793
223872  0.000678913
234423  0.000370489
245471  0.000619176
257040  0.000168945
269153  0.000484025
281838  0.0003852
295121  0.0008093
309030  0.000351306
323594  0.000402595
338844  0.000320395
354813  0.000428365
371535  0.000175322
389045  5.58106e-05
407380  0.000106597
426580  5.08999e-05
446684  9.72179e-05
467735  9.28424e-05
489779  0.000132996
512861  4.23367e-05
562341  7.7221e-05
588844  3.68737e-05
616595  7.04281e-05
645654  6.72584e-05
676083  9.63468e-05
707946  9.20104e-05
776247  2.79715e-05
851138  7.65311e-05
891251  7.30865e-05
933254  2.32657e-05
977237  2.22186e-05
1.1749e+06  1.84806e-05
