7762.47  0.0167829
8128.31  0.0320551
8511.38  0.0433677
8912.51  0.056033
9332.54  0.0511845
9772.37  0.0333279
10232.9  0.059412
10715.2  0.0344481
11220.2  0.0522492
11749  0.0517457
12302.7  0.0370626
12882.5  0.0387654
13489.6  0.0386302
14125.4  0.0568746
14791.1  0.0499109
15488.2  0.0406551
16218.1  0.0388253
16982.4  0.0345207
17782.8  0.048839
18620.9  0.0431437
19498.4  0.0478834
20417.4  0.0510456
21379.6  0.053826
22387.2  0.046554
23442.3  0.0629832
24547.1  0.0468805
25704  0.0599756
26915.3  0.0548561
28183.8  0.0392904
29512.1  0.0522366
30903  0.0590194
32359.4  0.0543503
33884.4  0.0551079
35481.3  0.0550756
37153.5  0.0566876
38904.5  0.0546944
40738  0.0447709
42658  0.0417378
44668.4  0.027221
46773.5  0.0250675
48977.9  0.0265992
51286.1  0.0325993
53703.2  0.0343665
56234.1  0.0332051
58884.4  0.0276552
61659.5  0.0218327
64565.4  0.0211864
67608.3  0.0141308
70794.6  0.0193222
74131  0.011423
77624.7  0.0120278
81283.1  0.0160276
85113.8  0.0107143
89125.1  0.00925762
93325.4  0.00837565
97723.7  0.0108871
102329  0.00806306
107152  0.00810543
112202  0.00696658
117490  0.00369612
123027  0.00370626
128825  0.00505636
134896  0.00241439
141254  0.00230573
147911  0.00220195
154882  0.00224304
162181  0.0020082
169824  0.00191782
177828  0.00158726
186209  0.0024487
194984  0.00155899
204174  0.000957102
213796  0.00162494
223872  0.00174578
234423  0.00101885
245471  0.000972991
257040  0.000760255
269153  0.00112939
281838  0.000770399
295121  0.000441436
309030  0.000632351
323594  0.000402595
338844  0.000256316
354813  0.000673146
371535  0.000409085
389045  0.000613916
407380  0.00042639
426580  0.000254499
446684  0.000145827
467735  0.000185685
489779  8.86639e-05
512861  8.46733e-05
537032  0.000242587
562341  0.000154442
588844  3.68737e-05
616595  0.000211284
645654  0.000134517
676083  3.21156e-05
707946  0.000276031
741310  0.000146449
776247  0.000167829
812830  0.00010685
851138  2.55104e-05
891251  2.43622e-05
933254  4.65314e-05
977237  8.88743e-05
1.02329e+06  2.12186e-05
1.07152e+06  8.10543e-05
1.12202e+06  1.93516e-05
1.1749e+06  5.54418e-05
1.23027e+06  3.52977e-05
1.28825e+06  8.42726e-05
1.34896e+06  1.60959e-05
1.41254e+06  9.22291e-05
1.47911e+06  2.93594e-05
1.54882e+06  5.60759e-05
1.69824e+06  1.27855e-05
1.86209e+06  1.16605e-05
