3715.35  0.0116882
3890.45  0.0390674
4073.8  0.0319792
4265.8  0.0254497
4466.84  0.0631916
4677.35  0.0278527
4897.79  0.0354655
5128.61  0.050804
5370.32  0.0323449
5623.41  0.027028
5888.44  0.0442484
6165.95  0.0281713
6456.54  0.0470808
6760.83  0.0449619
7079.46  0.0398712
7413.1  0.0556499
7762.47  0.0475516
8128.31  0.0480826
8511.38  0.0357146
8912.51  0.0438519
9332.54  0.0418782
9772.37  0.0244405
10232.9  0.0509246
10715.2  0.0445799
11220.2  0.0406383
11749  0.0480496
12302.7  0.0229435
12882.5  0.0657326
13489.6  0.0450686
14125.4  0.0461146
14791.1  0.0396351
15488.2  0.054674
16218.1  0.0562297
16982.4  0.0485847
17782.8  0.0451761
18620.9  0.051306
19498.4  0.0478834
20417.4  0.0552994
21379.6  0.0426546
22387.2  0.0475239
23442.3  0.0379752
24547.1  0.0380352
25704  0.0430811
26915.3  0.0354951
28183.8  0.0377496
29512.1  0.0360506
30903  0.0295097
32359.4  0.0315366
33884.4  0.0262724
35481.3  0.025702
37153.5  0.028636
38904.5  0.0228824
40738  0.0223855
42658  0.0223959
44668.4  0.0277071
46773.5  0.0246032
48977.9  0.0252692
51286.1  0.0169347
53703.2  0.0185983
56234.1  0.0142859
58884.4  0.0158557
61659.5  0.0112685
64565.4  0.0134517
67608.3  0.00674426
70794.6  0.00674745
74131  0.0105443
77624.7  0.00559431
81283.1  0.00267126
85113.8  0.00178573
89125.1  0.00438519
93325.4  0.0048858
97723.7  0.00355498
102329  0.00403153
107152  0.00263427
112202  0.00387032
117490  0.00277209
123027  0.000882442
128825  0.00202254
134896  0.00160959
141254  0.0019983
147911  0.00190836
154882  0.000700949
162181  0.000535521
169824  0.00025571
177828  0.00085468
186209  0.000583025
194984  0.000779496
204174  0.000850757
213796  0.000914027
223872  0.000484938
234423  0.000370489
245471  0.000353815
257040  0.000422364
269153  0.000403354
281838  0.00023112
295121  0.000441436
309030  0.000140523
323594  0.000402595
338844  0.000128158
354813  0.00024478
371535  0.000233763
407380  0.000159896
426580  0.0001018
446684  0.000194436
467735  9.28424e-05
489779  4.4332e-05
512861  8.46733e-05
537032  4.04312e-05
562341  3.86105e-05
588844  3.68737e-05
616595  0.000105642
645654  3.36292e-05
676083  6.42312e-05
707946  6.13403e-05
741310  0.000146449
812830  2.67126e-05
1.07152e+06  2.02636e-05
1.34896e+06  4.82878e-05
1.47911e+06  2.93594e-05
2.13796e+06  1.01558e-05
