426.58  0.458093
446.684  3.01375
467.735  2.4139
489.779  2.43825
512.861  2.28618
537.032  2.34501
562.341  2.08502
588.844  2.8024
616.595  2.04242
645.654  2.35404
676.083  2.79406
707.946  2.63763
741.31  2.98753
776.247  2.32163
812.831  3.09866
851.138  2.80614
891.251  3.094
933.254  3.21067
977.237  2.71067
1023.29  3.37375
1071.52  3.03954
1122.02  2.94144
1174.9  3.01234
1230.27  3.38858
1288.25  3.28664
1348.96  2.83285
1412.54  2.79761
1479.11  2.65702
1548.82  3.01408
1621.81  2.78471
1698.24  2.73609
1778.28  3.01588
1862.09  2.82184
1949.84  3.14026
2041.74  3.17971
2137.96  3.17878
2238.72  3.18119
2344.23  3.50109
2454.71  3.53815
2570.4  3.59009
2691.53  3.7754
2818.38  3.56695
2951.21  3.59034
3090.3  3.23202
3235.94  3.37508
3388.44  3.29367
3548.13  3.27394
3715.35  3.23178
3890.45  2.81285
4073.8  3.16594
4265.8  3.01833
4466.84  3.3929
4677.35  3.0313
4897.79  3.27169
5128.61  3.28956
5370.32  3.09298
5623.41  3.13525
5888.44  2.99045
6165.95  2.94742
6456.54  3.06362
6760.83  2.89362
7079.46  3.06395
7413.1  2.98459
7762.47  2.8503
8128.31  2.46824
8511.38  2.4643
8912.51  2.34608
9332.54  2.28004
9772.37  2.16409
10232.9  2.07305
10715.2  1.95138
11220.2  1.81131
11749  1.63923
12302.7  1.70488
12882.5  1.65511
13489.6  1.49531
14125.4  1.33579
14791.1  1.28154
15488.2  1.1818
16218.1  1.15271
16982.4  0.995987
17782.8  1.05004
18620.9  0.944497
19498.4  0.890853
20417.4  0.841189
21379.6  0.746455
22387.2  0.689581
23442.3  0.626127
24547.1  0.528069
25704  0.549073
26915.3  0.521133
28183.8  0.529265
29512.1  0.579017
30903  0.519933
32359.4  0.506599
33884.4  0.531215
35481.3  0.553816
37153.5  0.513695
38904.5  0.469925
40738  0.472226
42658  0.435702
44668.4  0.436994
46773.5  0.402472
48977.9  0.351109
51286.1  0.316255
53703.2  0.274123
56234.1  0.244791
58884.4  0.225298
61659.5  0.213749
64565.4  0.191014
67608.3  0.178241
70794.6  0.172673
74131  0.142641
77624.7  0.124753
81283.1  0.10872
85113.8  0.0864801
89125.1  0.0745482
93325.4  0.0709604
97723.7  0.0606568
102329  0.0623826
107152  0.0583591
112202  0.0549585
117490  0.0489736
123027  0.0453575
128825  0.0369114
134896  0.0312261
141254  0.0276688
147911  0.0224599
154882  0.0215892
162181  0.0175383
169824  0.0171325
177828  0.0195355
186209  0.0157417
194984  0.0133628
204174  0.0120169
213796  0.0102574
223872  0.00853491
234423  0.00852126
245471  0.00875692
257040  0.00684229
269153  0.00637299
281838  0.00570096
295121  0.00507652
309030  0.00449672
323594  0.00355626
338844  0.00256316
354813  0.00287617
371535  0.00222075
389045  0.0015627
407380  0.00255834
426580  0.0015779
446684  0.00209018
467735  0.00167116
489779  0.00115263
512861  0.00088907
537032  0.000566037
562341  0.000540547
588844  0.00040561
616595  0.000598639
645654  0.000336292
676083  0.000481734
707946  0.000368042
741310  0.000234319
776247  0.000279715
812830  0.000320551
851138  0.000127552
891251  0.000121811
933254  0.000186126
977237  0.000177749
1.02329e+06  0.000106093
1.07152e+06  6.07907e-05
1.12202e+06  0.000174164
1.1749e+06  1.84806e-05
1.23027e+06  5.29466e-05
1.28825e+06  0.000134836
1.34896e+06  3.21919e-05
1.41254e+06  4.61146e-05
1.54882e+06  2.8038e-05
1.62181e+06  4.01641e-05
1.69824e+06  1.27855e-05
1.77828e+06  2.44194e-05
1.94984e+06  1.11357e-05
2.04174e+06  3.19034e-05
2.23872e+06  9.69878e-06
2.34423e+06  9.26224e-06
2.45471e+06  8.84537e-06
2.5704e+06  2.53418e-05
2.95121e+06  7.35727e-06
3.89045e+06  5.58106e-06
9.33254e+06  2.32657e-06
