1479.11  0.161476
1548.82  1.71032
1621.81  1.5664
1698.24  1.57261
1778.28  1.73382
1862.09  1.59749
1949.84  1.49218
2041.74  1.91421
2137.96  1.84837
2238.72  1.5712
2344.23  1.70424
2454.71  1.85753
2570.4  1.94287
2691.53  1.92803
2818.38  1.78733
2951.21  2.17775
3090.3  2.33268
3235.94  2.34176
3388.44  2.32607
3548.13  2.26422
3715.35  2.09803
3890.45  2.17103
4073.8  2.47839
4265.8  2.12759
4466.84  2.18254
4677.35  2.13073
4897.79  2.26093
5128.61  2.0745
5370.32  2.25202
5623.41  1.8881
5888.44  1.92112
6165.95  1.68323
6456.54  1.78571
6760.83  1.49659
7079.46  1.59485
7413.1  1.47619
7762.47  1.3762
8128.31  1.29823
8511.38  1.19389
8912.51  1.27414
9332.54  1.27961
9772.37  1.18425
10232.9  1.20097
10715.2  1.03547
11220.2  1.03337
11749  1.04785
12302.7  1.03422
12882.5  0.994417
13489.6  0.959317
14125.4  0.920754
14791.1  0.945371
15488.2  0.846747
16218.1  0.890303
16982.4  0.768406
17782.8  0.683746
18620.9  0.739273
19498.4  0.649209
20417.4  0.691242
21379.6  0.60732
22387.2  0.549919
23442.3  0.526095
24547.1  0.551067
25704  0.473892
26915.3  0.471117
28183.8  0.440669
29512.1  0.393614
30903  0.369574
32359.4  0.342877
33884.4  0.301812
35481.3  0.274154
37153.5  0.251296
38904.5  0.236637
40738  0.190809
42658  0.172041
44668.4  0.165757
46773.5  0.16526
48977.9  0.156492
51286.1  0.133361
53703.2  0.120081
56234.1  0.115832
58884.4  0.101034
61659.5  0.0989516
64565.4  0.0891174
67608.3  0.0873543
70794.6  0.0739152
74131  0.0726386
77624.7  0.0654534
81283.1  0.0590349
85113.8  0.0647963
89125.1  0.0548149
93325.4  0.0504866
97723.7  0.0415488
102329  0.0430737
107152  0.0364745
112202  0.0288339
117490  0.0291994
123027  0.0294736
128825  0.0261245
134896  0.0228562
141254  0.0230573
147911  0.0196708
154882  0.016262
162181  0.0159318
169824  0.0162376
177828  0.0142854
186209  0.0121269
194984  0.0119152
204174  0.00925198
213796  0.0071091
223872  0.00882587
234423  0.00657619
245471  0.00778393
257040  0.00591309
269153  0.00621165
281838  0.0034668
295121  0.00360506
309030  0.00428594
323594  0.00248267
338844  0.00205053
354813  0.00263139
371535  0.00181166
389045  0.00234404
407380  0.00239844
426580  0.002036
446684  0.00189575
467735  0.0015319
489779  0.0022166
512861  0.00148178
537032  0.00153639
562341  0.00108109
588844  0.000958715
616595  0.00095078
645654  0.000907988
676083  0.000385387
707946  0.000245361
741310  0.000117159
776247  0.0001958
812830  0.000293839
851138  0.000153062
891251  0.000121811
933254  0.000255923
977237  0.000222186
1.02329e+06  0.00014853
1.07152e+06  0.000182372
1.12202e+06  0.000154813
1.1749e+06  9.24031e-05
1.23027e+06  0.000105893
1.28825e+06  0.000134836
1.34896e+06  8.04797e-05
1.41254e+06  9.22291e-05
1.47911e+06  5.87187e-05
1.54882e+06  4.20569e-05
1.62181e+06  4.01641e-05
1.69824e+06  6.39274e-05
1.77828e+06  3.66291e-05
1.86209e+06  1.16605e-05
1.94984e+06  1.11357e-05
2.04174e+06  2.1269e-05
2.13796e+06  2.03117e-05
2.23872e+06  1.93976e-05
2.34423e+06  2.77867e-05
2.45471e+06  2.65361e-05
2.5704e+06  2.53418e-05
2.69153e+06  8.06709e-06
2.81838e+06  3.0816e-05
2.95121e+06  7.35727e-06
3.0903e+06  2.10784e-05
3.23594e+06  6.70991e-06
3.38844e+06  6.4079e-06
3.54813e+06  6.11951e-06
3.71535e+06  1.75322e-05
3.89045e+06  5.58106e-06
4.0738e+06  1.59896e-05
4.2658e+06  1.018e-05
4.46684e+06  1.94436e-05
4.89779e+06  8.86639e-06
5.12861e+06  4.23366e-06
5.37032e+06  4.04312e-06
6.16595e+06  3.52141e-06
6.45654e+06  3.36292e-06
6.76083e+06  9.63468e-06
8.51138e+06  5.10207e-06
1.23027e+07  1.76489e-06
