5623.41  0.0193057
5888.44  0.0368737
6165.95  0.0633854
6456.54  0.0538067
6760.83  0.0417504
7079.46  0.0490723
7413.1  0.0410052
7762.47  0.0559431
8128.31  0.0347264
8511.38  0.0535718
8912.51  0.0438519
9332.54  0.0511845
9772.37  0.0466591
10232.9  0.0572902
10715.2  0.0547117
11220.2  0.0503141
11749  0.0332651
12302.7  0.0405924
12882.5  0.0623617
13489.6  0.0595549
14125.4  0.0553375
14791.1  0.0616546
15488.2  0.0616835
16218.1  0.0575685
16982.4  0.0524204
17782.8  0.048839
18620.9  0.0571362
19498.4  0.0601326
20417.4  0.0606166
21379.6  0.0528104
22387.2  0.046554
23442.3  0.0666881
24547.1  0.0628022
25704  0.04646
26915.3  0.0411421
28183.8  0.0485352
29512.1  0.0470865
30903  0.0400489
32359.4  0.0342206
33884.4  0.0313987
35481.3  0.0361051
37153.5  0.0368177
38904.5  0.0295796
40738  0.0207865
42658  0.012216
44668.4  0.0145827
46773.5  0.0120695
48977.9  0.0168461
51286.1  0.0139711
53703.2  0.0141509
56234.1  0.0158303
58884.4  0.0103246
61659.5  0.0126771
64565.4  0.0131154
67608.3  0.0128462
70794.6  0.0104279
74131  0.0131804
77624.7  0.00811175
81283.1  0.00747954
85113.8  0.00612249
89125.1  0.00535967
93325.4  0.00372251
97723.7  0.00533246
102329  0.00403153
107152  0.0028369
112202  0.00290274
117490  0.00332651
123027  0.00264733
128825  0.00202254
134896  0.00209247
141254  0.00153715
147911  0.00117437
154882  0.00154209
162181  0.00214208
169824  0.00115069
177828  0.00085468
186209  0.00139926
194984  0.00122492
204174  0.000850757
213796  0.000406234
223872  0.000969876
234423  0.000648356
245471  0.000796084
257040  0.00101367
269153  0.000726037
281838  0.0003852
295121  0.000294291
309030  0.000491829
323594  0.000201298
338844  0.000640791
354813  0.000305975
371535  0.000350645
389045  0.000223242
407380  0.000213195
426580  0.0001527
446684  0.000145827
467735  0.000139264
512861  8.46733e-05
562341  0.000193053
616595  3.52141e-05
645654  3.36292e-05
676083  3.21156e-05
707946  3.06701e-05
741310  2.92898e-05
776247  5.5943e-05
851138  2.55104e-05
891251  4.87243e-05
977237  2.22186e-05
1.07152e+06  2.02636e-05
1.1749e+06  3.69612e-05
1.23027e+06  1.76489e-05
1.28825e+06  1.68545e-05
1.34896e+06  1.60959e-05
