10.2329  3655.96
10.7152  3720.4
11.2202  3974.81
11.749  4241.27
12.3027  4316.91
12.8825  4444.53
13.4896  4719.33
14.1254  4792.84
14.7911  5005.77
15.4882  5268.3
16.2181  5471.67
16.9824  5901.78
17.7828  6210.01
18.6209  6658.14
19.4984  6987.63
20.4174  7417.51
21.3796  7851.48
22.3872  8278.86
23.4423  8967.71
24.5471  9203.62
25.704  9665.36
26.9153  10155.6
28.1838  10911.2
29.5121  11321.4
30.903  11844
32.3594  12396.6
33.8844  12934.3
35.4813  12779.4
37.1535  12214.1
38.9045  11536.6
40.738  10979.5
42.658  10585.6
44.6684  11053.7
46.7735  11488.3
48.9779  11787.3
51.2861  12440.6
53.7032  12885.8
56.2341  13365.8
58.8844  14071.4
61.6595  14546.9
64.5654  15325.4
67.6083  16126.5
70.7946  16770.2
74.131  17499.2
77.6247  18241.9
81.2831  18487.8
85.1138  18881.9
89.1251  19187.1
93.3254  19376.9
97.7237  19711
102.329  20404
107.152  21433.2
112.202  22363.1
117.49  23472.8
123.027  24668.5
128.825  26164.8
134.896  27624.3
141.254  29149.2
147.911  31029.9
154.882  32686.7
162.181  34602
169.824  36479.6
177.828  38589.4
186.209  40740.7
194.984  42955.5
204.174  45176.8
213.796  46516
223.872  47749.6
234.423  48720.9
245.471  49587.5
257.04  50458.9
269.153  51352.8
281.838  51941.3
295.121  52444.1
309.03  52880.7
323.594  53174.8
338.844  53249.5
354.813  53195.5
371.535  53297.9
389.045  52922.3
407.38  52713.8
426.58  52274.8
446.684  51753.8
467.735  51015.6
489.779  50396
512.861  49473.9
537.032  48595.5
562.341  47574.6
588.844  46581.1
616.595  45415.3
645.654  44291.5
676.083  43090.4
707.946  41688.8
741.31  40480.4
776.247  39161.1
812.831  37973.6
851.138  36673.3
891.251  35289
933.254  33915.1
977.237  32567.5
1023.29  31124
1071.52  29801.9
1122.02  28470
1174.9  27171.1
1230.27  25851.2
1288.25  24606.9
1348.96  23356.7
1412.54  22176.1
1479.11  20978.3
1548.82  19852.2
1621.81  18752.2
1698.24  17703.2
1778.28  16620.1
1862.09  15630.4
1949.84  14662
2041.74  13753.3
2137.96  12848.2
2238.72  12010.5
2344.23  11206.9
2454.71  10451.7
2570.4  9725.74
2691.53  9071.56
2818.38  8419.77
2951.21  7814.74
3090.3  7253.31
3235.94  6726.28
3388.44  6223.08
3548.13  5749.78
3715.35  5285.31
3890.45  4851.6
4073.8  4457.14
4265.8  4084.84
4466.84  3735.44
4677.35  3406.38
4897.79  3115.3
5128.61  2846.41
5370.32  2592.85
5623.41  2354.18
5888.44  2142.96
6165.95  1938.07
6456.54  1754.54
6760.83  1588.97
7079.46  1433.89
7413.1  1299.74
7762.47  1171.53
8128.31  1052.87
8511.38  945.836
8912.51  845.301
9332.54  764.804
9772.37  684.764
10232.9  615.812
10715.2  549.109
11220.2  491.814
11749  437.481
12302.7  394.708
12882.5  350.094
13489.6  311.982
14125.4  277.172
14791.1  247.551
15488.2  219.258
16218.1  195.073
16982.4  172.664
17782.8  154.389
18620.9  135.981
19498.4  121.27
20417.4  106.63
21379.6  95.1735
22387.2  83.8709
23442.3  74.3832
24547.1  66.0405
25704  58.3681
26915.3  51.4292
28183.8  45.4844
29512.1  39.8647
30903  35.6119
32359.4  31.1541
33884.4  27.9666
35481.3  24.6421
37153.5  21.4343
38904.5  19.2775
40738  16.893
42658  14.9467
44668.4  13.245
46773.5  11.5306
48977.9  10.2127
51286.1  8.92797
53703.2  7.81939
56234.1  6.97577
58884.4  6.07567
61659.5  5.41909
64565.4  4.8036
67608.3  4.18048
70794.6  3.75219
74131  3.23769
77624.7  2.81897
81283.1  2.55747
85113.8  2.23241
89125.1  1.96724
93325.4  1.70142
97723.7  1.54686
102329  1.34971
107152  1.18279
112202  1.0506
117490  0.942881
123027  0.824554
128825  0.712441
134896  0.633858
141254  0.549071
147911  0.485897
154882  0.316268
