223.872  0.387951
234.423  1.20408
245.471  0.972991
257.04  0.675781
269.153  1.45207
281.838  2.77344
295.121  1.91289
309.03  1.68627
323.594  2.14717
338.844  2.17869
354.813  1.83585
371.535  2.22075
389.045  2.23242
407.38  2.02535
426.58  2.95215
446.684  2.67349
467.735  2.50675
489.779  1.9506
512.861  2.87889
537.032  3.03234
562.341  2.58697
588.844  2.61803
616.595  2.9932
645.654  2.993
676.083  3.40426
707.946  3.46573
741.31  3.51474
776.247  3.80412
812.831  3.81991
851.138  4.13268
891.251  3.50815
933.254  4.46702
977.237  4.64368
1023.29  3.84056
1071.52  4.19456
1122.02  4.91531
1174.9  5.32241
1230.27  4.97698
1288.25  4.78669
1348.96  5.39207
1412.54  5.76432
1479.11  5.56359
1548.82  5.78984
1621.81  5.51586
1698.24  5.47218
1778.28  5.73871
1862.09  5.59703
1949.84  5.54556
2041.74  5.52993
2137.96  4.70216
2238.72  4.82028
2344.23  4.36247
2454.71  4.42269
2570.4  4.11382
2691.53  4.24329
2818.38  4.58388
2951.21  4.43643
3090.3  4.74967
3235.94  4.38828
3388.44  4.39583
3548.13  4.39381
3715.35  4.31878
3890.45  4.38113
4073.8  4.17328
4265.8  4.13811
4466.84  4.53521
4677.35  4.28467
4897.79  4.2071
5128.61  4.40725
5370.32  4.34635
5623.41  4.23953
5888.44  3.72793
6165.95  3.70452
6456.54  3.45372
6760.83  3.17624
7079.46  3.06088
7413.1  3.03439
7762.47  2.89505
8128.31  2.72735
8511.38  2.58675
8912.51  2.63111
9332.54  2.26375
9772.37  2.28407
10232.9  2.20673
10715.2  2.07296
11220.2  1.9487
11749  1.89426
12302.7  1.75077
12882.5  1.6568
13489.6  1.50014
14125.4  1.34347
14791.1  1.40044
15488.2  1.24068
16218.1  1.1353
16982.4  1.04074
17782.8  0.908405
18620.9  0.858209
19498.4  0.799541
20417.4  0.746542
21379.6  0.618491
22387.2  0.557678
23442.3  0.454776
24547.1  0.389197
25704  0.378438
26915.3  0.371892
28183.8  0.355925
29512.1  0.295027
30903  0.284558
32359.4  0.266384
33884.4  0.279384
35481.3  0.282109
37153.5  0.267075
38904.5  0.273472
40738  0.26223
42658  0.270278
44668.4  0.26978
46773.5  0.261816
48977.9  0.270868
51286.1  0.243436
53703.2  0.245013
56234.1  0.249038
58884.4  0.244841
61659.5  0.243681
64565.4  0.236413
67608.3  0.226093
70794.6  0.216838
74131  0.224067
77624.7  0.208388
81283.1  0.22866
85113.8  0.20842
89125.1  0.220721
93325.4  0.211718
97723.7  0.206411
102329  0.191392
107152  0.18683
112202  0.195258
117490  0.175381
123027  0.168723
128825  0.163995
134896  0.151141
141254  0.14603
147911  0.138576
154882  0.131919
162181  0.122367
169824  0.10727
177828  0.0957241
186209  0.0932839
194984  0.0777269
204174  0.062956
213796  0.0618492
223872  0.0482998
234423  0.0326957
245471  0.0215827
257040  0.00591309
269153  0.00104872
281838  0.00130968
295121  0.00154503
309030  0.00140523
323594  0.00167748
338844  0.00134566
354813  0.00183585
371535  0.00122726
389045  0.00111621
407380  0.00117257
426580  0.001018
446684  0.00131244
467735  0.000789161
489779  0.0011083
512861  0.00118543
537032  0.000849055
562341  0.00135137
588844  0.00129058
616595  0.00130292
645654  0.000975247
676083  0.000931353
707946  0.000950774
741310  0.000907984
776247  0.00111886
812830  0.00109522
851138  0.000586738
891251  0.000998849
933254  0.000837566
977237  0.000910962
1.02329e+06  0.000912399
1.07152e+06  0.000668698
1.12202e+06  0.000793415
1.1749e+06  0.000702263
1.23027e+06  0.000529466
1.28825e+06  0.00052249
1.34896e+06  0.00051507
1.41254e+06  0.000430403
1.47911e+06  0.00046975
1.54882e+06  0.000224304
1.62181e+06  0.000227596
1.69824e+06  0.000268495
1.77828e+06  8.5468e-05
1.86209e+06  6.99629e-05
1.94984e+06  1.11357e-05
3.38844e+06  6.4079e-06
3.89045e+06  1.11621e-05
4.2658e+06  5.08998e-06
4.46684e+06  4.86089e-06
4.67735e+06  4.64213e-06
4.89779e+06  4.43319e-06
5.88844e+06  3.68736e-06
6.45654e+06  6.72583e-06
6.76083e+06  6.42312e-06
7.76247e+06  1.11886e-05
8.1283e+06  2.67126e-06
8.51138e+06  2.55103e-06
9.33254e+06  2.32657e-06
1.07152e+07  2.02636e-06
1.12202e+07  3.87031e-06
1.1749e+07  1.84806e-06
1.23027e+07  3.52977e-06
1.28825e+07  3.3709e-06
1.34896e+07  3.21919e-06
1.41254e+07  1.53715e-06
1.47911e+07  2.93594e-06
1.54882e+07  2.8038e-06
1.62181e+07  1.3388e-06
1.77828e+07  1.22097e-06
1.94984e+07  1.11357e-06
2.04174e+07  1.06345e-06
2.13796e+07  1.01559e-06
