2691.53  0.145208
2818.38  0.254232
2951.21  0.198646
3090.3  0.238889
3235.94  0.268396
3388.44  0.256316
3548.13  0.312095
3715.35  0.262984
3890.45  0.301377
4073.8  0.362431
4265.8  0.218867
4466.84  0.32568
4677.35  0.389938
4897.79  0.341356
5128.61  0.309058
5370.32  0.36388
5623.41  0.343642
5888.44  0.313426
6165.95  0.309884
6456.54  0.309388
6760.83  0.36933
7079.46  0.322037
7413.1  0.313397
7762.47  0.327267
8128.31  0.312537
8511.38  0.385207
8912.51  0.285037
9332.54  0.31176
9772.37  0.293286
10232.9  0.316157
10715.2  0.279637
11220.2  0.259311
11749  0.271665
12302.7  0.240025
12882.5  0.247762
13489.6  0.247877
14125.4  0.25363
14791.1  0.25249
15488.2  0.215892
16218.1  0.227596
16982.4  0.213517
17782.8  0.234427
18620.9  0.21805
19498.4  0.248325
20417.4  0.188231
21379.6  0.123901
22387.2  0.0756503
23442.3  0.0842864
24547.1  0.0822621
25704  0.0802491
26915.3  0.0677634
28183.8  0.0493056
29512.1  0.0669512
30903  0.0674508
32359.4  0.07448
33884.4  0.0627974
35481.3  0.0538517
37153.5  0.0449994
38904.5  0.0513458
40738  0.0469028
42658  0.0422468
44668.4  0.0418037
46773.5  0.0362085
48977.9  0.0407854
51286.1  0.0317525
53703.2  0.0347708
56234.1  0.0301162
58884.4  0.0235991
61659.5  0.025002
64565.4  0.0238767
67608.3  0.024729
70794.6  0.0196289
74131  0.0175738
77624.7  0.0167829
81283.1  0.0162947
85113.8  0.017347
89125.1  0.0126683
93325.4  0.0144247
97723.7  0.0135533
102329  0.0110337
107152  0.0115502
112202  0.0085147
117490  0.00887069
123027  0.00864793
128825  0.00825872
134896  0.00772605
141254  0.00753205
147911  0.00543148
154882  0.00504683
162181  0.00361477
169824  0.00498634
177828  0.00525018
186209  0.00256531
194984  0.00322934
204174  0.00265862
213796  0.00243741
223872  0.0023277
234423  0.00287129
245471  0.00238825
257040  0.00194287
269153  0.00169409
281838  0.00123264
295121  0.00147145
309030  0.000491829
323594  0.00080519
338844  0.000897107
354813  0.00110151
371535  0.000876611
389045  0.000446485
407380  0.000586286
426580  0.000254499
446684  0.000340263
467735  0.000278527
489779  0.000265992
512861  0.000169347
537032  0.00032345
562341  0.000347495
588844  0.000331863
616595  0.000105642
645654  0.000168146
676083  0.000256925
707946  6.13403e-05
741310  0.000322188
776247  0.000223772
812830  0.000160276
851138  7.65311e-05
891251  0.000121811
933254  4.65314e-05
977237  4.44372e-05
1.02329e+06  4.24372e-05
1.12202e+06  1.93516e-05
1.1749e+06  3.69612e-05
1.69824e+06  1.27855e-05
2.34423e+06  9.26224e-06
2.45471e+06  1.76907e-05
