6456.54  0.0134517
6760.83  0.0353272
7079.46  0.0276031
7413.1  0.0322184
7762.47  0.0167829
8128.31  0.0160275
8511.38  0.0280614
8912.51  0.0292346
9332.54  0.032572
9772.37  0.031106
10232.9  0.0233404
10715.2  0.0344481
11220.2  0.0174164
11749  0.0369612
12302.7  0.0335329
12882.5  0.0320236
13489.6  0.0402398
14125.4  0.0415031
14791.1  0.0396351
15488.2  0.0238323
16218.1  0.0240984
16982.4  0.0242924
17782.8  0.0207566
18620.9  0.0233209
19498.4  0.0233849
20417.4  0.0180786
21379.6  0.0324987
22387.2  0.038795
23442.3  0.0287129
24547.1  0.0398042
25704  0.0456153
26915.3  0.0371085
28183.8  0.0354384
29512.1  0.0382578
30903  0.0323202
32359.4  0.0362335
33884.4  0.0256316
35481.3  0.024478
37153.5  0.0163634
38904.5  0.0173013
40738  0.0223855
42658  0.0218869
44668.4  0.0170131
46773.5  0.0194969
48977.9  0.0172894
51286.1  0.0143945
53703.2  0.011725
56234.1  0.0142859
58884.4  0.0136432
61659.5  0.0126771
64565.4  0.0131154
67608.3  0.00835004
70794.6  0.00858766
74131  0.00644374
77624.7  0.00811175
81283.1  0.0090823
85113.8  0.00663269
89125.1  0.00438519
93325.4  0.00558377
97723.7  0.00399935
102329  0.00254623
107152  0.00364745
112202  0.00193516
117490  0.00221767
123027  0.00176488
128825  0.00117982
134896  0.00209247
141254  0.0019983
147911  0.00161476
154882  0.000700949
162181  0.00107104
169824  0.00115069
177828  0.00146517
186209  0.00139926
194984  0.000779496
204174  0.00116979
213796  0.000914027
223872  0.000678913
234423  0.000370489
245471  0.000265361
257040  0.000422364
269153  0.000242012
281838  0.0003852
295121  0.000294291
309030  0.000210784
323594  0.000335496
338844  0.000384474
354813  0.00024478
371535  0.000175322
389045  0.000279053
407380  0.000159896
426580  0.0002036
446684  0.000194436
467735  0.000139264
489779  4.4332e-05
512861  4.23367e-05
537032  0.000242587
562341  0.000270274
588844  0.000147495
616595  0.00017607
645654  0.000168146
676083  0.000224809
707946  0.000184021
741310  0.000117159
776247  0.000167829
812830  0.000213701
851138  0.000102041
891251  4.87243e-05
933254  9.30629e-05
977237  8.88743e-05
1.02329e+06  0.000127312
1.12202e+06  3.87032e-05
1.1749e+06  1.84806e-05
1.23027e+06  1.76489e-05
1.28825e+06  1.68545e-05
1.34896e+06  1.60959e-05
1.41254e+06  1.53715e-05
1.69824e+06  1.27855e-05
1.77828e+06  4.88389e-05
1.86209e+06  1.16605e-05
1.94984e+06  2.22713e-05
2.04174e+06  2.1269e-05
2.13796e+06  1.01558e-05
2.23872e+06  9.69878e-06
2.34423e+06  9.26224e-06
2.45471e+06  1.76907e-05
2.5704e+06  8.44727e-06
2.69153e+06  8.06709e-06
2.81838e+06  1.5408e-05
2.95121e+06  7.35727e-06
3.38844e+06  6.4079e-06
3.89045e+06  5.58106e-06
4.0738e+06  1.06597e-05
4.2658e+06  1.018e-05
