51.2861  203.216
53.7032  1056.06
56.2341  1087.69
58.8844  1087.77
61.6595  1158.19
64.5654  1201.9
67.6083  1220.07
70.7946  1209.94
74.131  1149.04
77.6247  1156.34
81.2831  1112.85
85.1138  1097.7
89.1251  1055.12
93.3254  1122.8
97.7237  1129.81
102.329  1141.35
107.152  1141.45
112.202  1165.16
117.49  1181.28
123.027  1196.94
128.825  1217.4
134.896  1207.66
141.254  1213.58
147.911  1205.64
154.882  1143.11
162.181  1148.96
169.824  1161.17
177.828  1146.89
186.209  1126.4
194.984  1097.09
204.174  1095.35
213.796  1128.21
223.872  1169.86
234.423  1207.32
245.471  1261
257.04  1305.44
269.153  1342.12
281.838  1375.01
295.121  1423.78
309.03  1427.99
323.594  1458.53
338.844  1489.65
354.813  1540.1
371.535  1530.86
389.045  1527.14
407.38  1567.84
426.58  1570.8
446.684  1573.86
467.735  1606.27
489.779  1620.95
512.861  1692.49
537.032  1742.83
562.341  1801.73
588.844  1845.34
616.595  1906.99
645.654  1941.38
676.083  1983.17
707.946  2020.12
741.31  2048.15
776.247  2063.23
812.831  2057.62
851.138  2046.42
891.251  2044.08
933.254  2035.36
977.237  1998.29
1023.29  1869.14
1071.52  1726.56
1122.02  1683.69
1174.9  1659.02
1230.27  1644.4
1288.25  1633.02
1348.96  1604.99
1412.54  1589.69
1479.11  1568.4
1548.82  1538.95
1621.81  1506.42
1698.24  1475.62
1778.28  1430.25
1862.09  1400.05
1949.84  1362.76
2041.74  1313.09
2137.96  1266.83
2238.72  1217.72
2344.23  1164.92
2454.71  1111.66
2570.4  1057.45
2691.53  1012.4
2818.38  966.336
2951.21  921.379
3090.3  878.338
3235.94  819.286
3388.44  769.539
3548.13  723.797
3715.35  684.102
3890.45  649.239
4073.8  609.795
4265.8  573.64
4466.84  528.058
4677.35  489.534
4897.79  467.568
5128.61  444.756
5370.32  420.755
5623.41  396.663
5888.44  366.779
6165.95  259.792
