7413.1  0.0468631
7762.47  0.0671317
8128.31  0.0747952
8511.38  0.063776
8912.51  0.0828313
9332.54  0.0744502
9772.37  0.0622121
10232.9  0.0912399
10715.2  0.0891598
11220.2  0.0638602
11749  0.110884
12302.7  0.0653008
12882.5  0.0691035
13489.6  0.103014
14125.4  0.090692
14791.1  0.0748664
15488.2  0.0743006
16218.1  0.0629237
16982.4  0.0882197
17782.8  0.0757005
18620.9  0.076959
19498.4  0.0734954
20417.4  0.0712511
21379.6  0.0731221
22387.2  0.062072
23442.3  0.0574259
24547.1  0.0769548
25704  0.0886963
26915.3  0.0822841
28183.8  0.0909072
29512.1  0.0963803
30903  0.0878266
32359.4  0.0946098
33884.4  0.0865066
35481.3  0.0838373
37153.5  0.0672069
38904.5  0.0591593
40738  0.0458369
42658  0.0356299
44668.4  0.0335402
46773.5  0.0389938
48977.9  0.0261558
51286.1  0.0364096
53703.2  0.0323449
56234.1  0.0235524
58884.4  0.0202805
61659.5  0.0193677
64565.4  0.0147969
67608.3  0.0176635
70794.6  0.017482
74131  0.0190383
77624.7  0.0131466
81283.1  0.0152262
85113.8  0.0140307
89125.1  0.0114502
93325.4  0.0104696
97723.7  0.0124424
102329  0.00657776
107152  0.00688962
112202  0.00541845
117490  0.00646821
123027  0.00352977
128825  0.00320236
134896  0.00177055
141254  0.00491889
147911  0.00264234
154882  0.00154209
162181  0.00214208
169824  0.00217353
177828  0.00183146
186209  0.00291512
194984  0.00167035
204174  0.00148882
213796  0.00192961
223872  0.000678913
234423  0.00138934
245471  0.000442269
257040  0.00126709
269153  0.000806708
281838  0.00046224
295121  0.000588581
309030  0.000140523
323594  0.000335496
338844  0.000768949
354813  0.000611951
371535  0.000525967
389045  0.000613916
407380  0.000213195
426580  0.000610799
446684  0.000631916
467735  0.000464212
489779  0.00044332
512861  0.000423367
537032  0.00032345
562341  0.000308884
588844  0.00040561
616595  0.000352141
645654  0.000773472
676083  0.000256925
707946  0.000613403
741310  0.000380768
776247  0.000419572
812830  0.000400689
851138  0.000178573
891251  0.000316708
933254  0.00016286
977237  0.000133311
1.02329e+06  0.000169749
1.07152e+06  0.000141845
1.12202e+06  0.000193516
1.1749e+06  0.000184806
1.23027e+06  0.000105893
1.47911e+06  2.93594e-05
1.62181e+06  1.3388e-05
1.77828e+06  1.22097e-05
2.13796e+06  3.04675e-05
2.23872e+06  1.93976e-05
2.34423e+06  9.26224e-06
2.45471e+06  8.84537e-06
2.5704e+06  8.44727e-06
2.69153e+06  8.06709e-06
2.81838e+06  7.704e-06
2.95121e+06  2.94291e-05
3.0903e+06  1.40522e-05
3.23594e+06  6.70991e-06
3.89045e+06  5.58106e-06
