7413.1  0.052721
7762.47  0.0391601
8128.31  0.0480826
8511.38  0.0357146
8912.51  0.0633416
9332.54  0.0604908
9772.37  0.0333279
10232.9  0.0360716
10715.2  0.0547117
11220.2  0.0328977
11749  0.0462015
12302.7  0.0458871
12882.5  0.0438218
13489.6  0.0370206
14125.4  0.0384288
14791.1  0.0425711
15488.2  0.028038
16218.1  0.0481969
16982.4  0.042192
17782.8  0.0341873
18620.9  0.0548041
19498.4  0.0389748
20417.4  0.0372207
21379.6  0.0253896
22387.2  0.0339456
23442.3  0.0324178
24547.1  0.0504187
25704  0.0363233
26915.3  0.0379152
28183.8  0.0469944
29512.1  0.0500295
30903  0.034428
32359.4  0.0402595
33884.4  0.051904
35481.3  0.0293737
37153.5  0.0362333
38904.5  0.0357188
40738  0.0266493
42658  0.0223959
44668.4  0.0199297
46773.5  0.0148548
48977.9  0.0177328
51286.1  0.0194749
53703.2  0.0133423
56234.1  0.0127415
58884.4  0.0154869
61659.5  0.0133813
64565.4  0.0134517
67608.3  0.00802888
70794.6  0.00736085
74131  0.00644374
77624.7  0.00475516
81283.1  0.00721241
85113.8  0.00637759
89125.1  0.00584692
93325.4  0.00558377
97723.7  0.00288842
102329  0.00403153
107152  0.00547117
112202  0.00270922
117490  0.0031417
123027  0.00211786
128825  0.00252818
134896  0.00209247
141254  0.00245945
147911  0.00190836
154882  0.00196266
162181  0.00174044
169824  0.00217353
177828  0.00146517
186209  0.000816234
194984  0.00122492
204174  0.00148882
213796  0.00152338
223872  0.00164879
234423  0.000648356
245471  0.000972991
257040  0.000675782
269153  0.000564695
281838  0.000616319
295121  0.000294291
309030  0.000491829
323594  0.000201298
338844  0.000512633
354813  0.000305975
371535  0.000175322
389045  0.000390674
407380  0.000479688
426580  0.000305399
446684  0.000388872
467735  0.000417791
489779  0.000487651
512861  0.00038103
537032  0.000161725
562341  0.000231663
588844  0.000368737
616595  0.000316927
645654  0.000302663
676083  0.000160578
707946  9.20104e-05
741310  0.000292898
776247  0.000335658
812830  0.000160276
851138  0.000204083
891251  2.43622e-05
933254  0.000209391
977237  0.000222186
1.02329e+06  6.36558e-05
1.07152e+06  0.000101318
1.12202e+06  0.000135461
1.1749e+06  7.39225e-05
1.23027e+06  0.000105893
1.28825e+06  1.68545e-05
1.34896e+06  3.21919e-05
1.47911e+06  1.46797e-05
1.69824e+06  1.27855e-05
2.23872e+06  1.93976e-05
2.34423e+06  9.26224e-06
2.45471e+06  8.84537e-06
2.95121e+06  7.35727e-06
3.38844e+06  1.28158e-05
3.71535e+06  1.16882e-05
