9332.54  0.0395517
9772.37  0.448816
10232.9  0.468931
10715.2  0.577512
11220.2  0.508946
11749  0.552571
12302.7  0.578883
12882.5  0.517434
13489.6  0.495754
14125.4  0.513409
14791.1  0.560764
15488.2  0.528516
16218.1  0.500712
16982.4  0.503747
17782.8  0.556765
18620.9  0.459422
19498.4  0.501105
20417.4  0.476425
21379.6  0.45092
22387.2  0.444203
23442.3  0.44644
24547.1  0.41131
25704  0.426587
26915.3  0.357371
28183.8  0.382889
29512.1  0.374485
30903  0.338659
32359.4  0.338851
33884.4  0.326162
35481.3  0.29802
37153.5  0.284607
38904.5  0.275146
40738  0.270757
42658  0.262134
44668.4  0.268321
46773.5  0.256245
48977.9  0.223433
51286.1  0.197289
53703.2  0.172237
56234.1  0.155601
58884.4  0.150444
61659.5  0.150716
64565.4  0.132835
67608.3  0.116579
70794.6  0.127588
74131  0.108372
77624.7  0.106292
81283.1  0.090823
85113.8  0.078827
89125.1  0.0779589
93325.4  0.073287
97723.7  0.0548799
102329  0.0575023
107152  0.054509
112202  0.0526364
117490  0.0432446
123027  0.0400629
128825  0.033372
134896  0.0338015
141254  0.0273613
147911  0.0261298
154882  0.0290193
162181  0.0232952
169824  0.0256988
177828  0.0240531
186209  0.0223881
194984  0.0226054
204174  0.0197801
213796  0.0162494
223872  0.0191066
234423  0.0186171
245471  0.0123835
257040  0.0141069
269153  0.0119393
281838  0.00978407
295121  0.00868158
309030  0.00808004
323594  0.00583763
338844  0.00627975
354813  0.00593592
371535  0.00490902
389045  0.00546944
407380  0.00527657
426580  0.00549719
446684  0.00617334
467735  0.00454928
489779  0.00425587
512861  0.0038103
537032  0.00432614
562341  0.00347495
588844  0.00258116
616595  0.00302841
645654  0.00235404
676083  0.00199117
707946  0.00199356
741310  0.00164023
776247  0.00139857
812830  0.0010685
851138  0.0012245
891251  0.000925762
933254  0.00111675
977237  0.000799869
1.02329e+06  0.00108215
1.07152e+06  0.000668698
1.12202e+06  0.000425735
1.1749e+06  0.000498977
1.23027e+06  0.000423573
1.28825e+06  0.000438218
1.34896e+06  0.000273631
1.41254e+06  0.000353545
1.47911e+06  0.000161476
1.54882e+06  0.000266361
1.62181e+06  0.000294537
1.69824e+06  0.000115069
1.77828e+06  0.000134307
1.86209e+06  0.000139926
1.94984e+06  0.000100221
2.04174e+06  0.000148883
2.13796e+06  0.000111714
2.23872e+06  0.000184277
2.34423e+06  9.26224e-05
2.45471e+06  0.00011499
2.5704e+06  0.000109814
2.69153e+06  4.03354e-05
2.81838e+06  6.1632e-05
2.95121e+06  5.15009e-05
3.0903e+06  2.81045e-05
3.23594e+06  5.36793e-05
3.38844e+06  3.20395e-05
3.54813e+06  3.67171e-05
3.71535e+06  1.75322e-05
3.89045e+06  4.46485e-05
4.0738e+06  1.59896e-05
4.2658e+06  2.03599e-05
4.46684e+06  2.43045e-05
4.67735e+06  3.24949e-05
4.89779e+06  4.43319e-06
5.12861e+06  4.23366e-06
5.37032e+06  1.61725e-05
5.62341e+06  3.86106e-06
5.88844e+06  2.21242e-05
6.16595e+06  1.05642e-05
6.76083e+06  1.60578e-05
7.07946e+06  6.13403e-06
7.4131e+06  5.85796e-06
8.1283e+06  5.34252e-06
8.51138e+06  5.10207e-06
8.91251e+06  2.43622e-06
9.33254e+06  4.65314e-06
1.02329e+07  2.12186e-06
1.07152e+07  2.02636e-06
1.12202e+07  1.93516e-06
1.23027e+07  1.76489e-06
1.41254e+07  3.0743e-06
1.54882e+07  1.4019e-06
1.86209e+07  1.16605e-06
1.94984e+07  1.11357e-06
2.04174e+07  1.06345e-06
2.5704e+07  8.44727e-07
2.81838e+07  7.70399e-07
7.4131e+07  2.92898e-07
4.67735e+08  4.64201e-08
