4265.8  0.0101799
4466.84  0.0583307
4677.35  0.0603475
4897.79  0.0398987
5128.61  0.0465704
5370.32  0.0606467
5623.41  0.0733617
5888.44  0.0737473
6165.95  0.0669068
6456.54  0.0706213
6760.83  0.0899239
7079.46  0.0521393
7413.1  0.0790815
7762.47  0.0867117
8128.31  0.093494
8511.38  0.063776
8912.51  0.0852676
9332.54  0.0953894
9772.37  0.079987
10232.9  0.0848743
10715.2  0.0830807
11220.2  0.0657953
11749  0.0702263
12302.7  0.0811848
12882.5  0.0809017
13489.6  0.111062
14125.4  0.0737833
14791.1  0.0748664
15488.2  0.0841139
16218.1  0.0937161
16982.4  0.0882197
17782.8  0.101341
18620.9  0.0932836
19498.4  0.100221
20417.4  0.0935836
21379.6  0.0700754
22387.2  0.0640118
23442.3  0.0639095
24547.1  0.0504187
25704  0.0439258
26915.3  0.0379152
28183.8  0.0454536
29512.1  0.064744
30903  0.0533985
32359.4  0.0536793
33884.4  0.0467777
35481.3  0.0471202
37153.5  0.0438306
38904.5  0.047439
40738  0.0330452
42658  0.0366479
44668.4  0.0306236
46773.5  0.0287812
48977.9  0.0199494
51286.1  0.0224385
53703.2  0.0173854
56234.1  0.0162164
58884.4  0.0114308
61659.5  0.0123249
64565.4  0.0084073
67608.3  0.00642311
70794.6  0.0101212
74131  0.00995851
77624.7  0.0111886
81283.1  0.00774666
85113.8  0.00892862
89125.1  0.00584692
93325.4  0.00581643
97723.7  0.00511028
102329  0.00424372
107152  0.0056738
112202  0.00406384
117490  0.00351131
123027  0.00352977
128825  0.00235963
134896  0.0035411
141254  0.00215201
147911  0.00264234
154882  0.00238323
162181  0.00307925
169824  0.00166211
177828  0.00158726
186209  0.00174907
194984  0.00122492
204174  0.00148882
213796  0.00101559
223872  0.00106686
234423  0.00101885
245471  0.00106144
257040  0.00109815
269153  0.000726037
281838  0.00053928
295121  0.000588581
309030  0.000351306
323594  0.000402595
338844  0.000448554
354813  0.000183585
371535  0.000175322
389045  0.000279053
407380  0.000159896
426580  0.0001018
446684  0.000194436
467735  4.64212e-05
489779  0.000177328
512861  0.00012701
537032  4.04312e-05
562341  3.86105e-05
588844  0.000110621
616595  0.000105642
645654  0.000134517
707946  6.13403e-05
741310  2.92898e-05
776247  2.79715e-05
812830  2.67126e-05
851138  2.55104e-05
891251  4.87243e-05
933254  6.97972e-05
1.07152e+06  6.07907e-05
1.12202e+06  5.80547e-05
1.28825e+06  1.68545e-05
1.34896e+06  1.60959e-05
1.47911e+06  1.46797e-05
1.69824e+06  1.27855e-05
1.86209e+06  2.3321e-05
2.69153e+06  8.06709e-06
3.0903e+06  1.40522e-05
3.54813e+06  1.2239e-05
3.71535e+06  5.84408e-06
4.46684e+06  9.72179e-06
6.16595e+06  3.52141e-06
