5623.41  0.0347503
5888.44  0.114308
6165.95  0.0845139
6456.54  0.127791
6760.83  0.109193
7079.46  0.159485
7413.1  0.125945
7762.47  0.111886
8128.31  0.162947
8511.38  0.107144
8912.51  0.0974486
9332.54  0.132614
9772.37  0.148865
10232.9  0.144286
10715.2  0.158056
11220.2  0.145137
11749  0.127516
12302.7  0.144721
12882.5  0.138207
13489.6  0.151302
14125.4  0.166012
14791.1  0.157073
15488.2  0.141592
16218.1  0.153962
16982.4  0.12274
17782.8  0.126981
18620.9  0.16208
19498.4  0.115811
20417.4  0.157391
21379.6  0.128979
22387.2  0.127054
23442.3  0.104663
24547.1  0.112336
25704  0.12502
26915.3  0.113746
28183.8  0.112478
29512.1  0.089023
30903  0.0941501
32359.4  0.0899128
33884.4  0.0736908
35481.3  0.0709863
37153.5  0.0683758
38904.5  0.0619498
40738  0.0639584
42658  0.0544628
44668.4  0.0510394
46773.5  0.0454928
48977.9  0.0367955
51286.1  0.0347161
53703.2  0.0242587
56234.1  0.0289579
58884.4  0.0250741
61659.5  0.025002
64565.4  0.0215227
67608.3  0.0154155
70794.6  0.0168686
74131  0.0184525
77624.7  0.0139858
81283.1  0.0141577
85113.8  0.0132654
89125.1  0.00877038
93325.4  0.00721237
97723.7  0.00644339
102329  0.00615339
107152  0.00587644
112202  0.00561196
117490  0.00683782
123027  0.00653007
128825  0.00640472
134896  0.00836988
141254  0.0079932
147911  0.00675265
154882  0.0054674
162181  0.00495357
169824  0.00600917
177828  0.0043955
186209  0.00559704
194984  0.00534512
204174  0.00701874
213796  0.00599196
223872  0.00611022
234423  0.00490898
245471  0.00610331
257040  0.00532178
269153  0.00516293
281838  0.00493056
295121  0.00515009
309030  0.00428594
323594  0.00469694
338844  0.00519041
354813  0.00465082
371535  0.00409085
389045  0.00418579
407380  0.00367761
426580  0.00386839
446684  0.00413176
467735  0.00287812
489779  0.00301457
512861  0.00364095
537032  0.0024663
562341  0.00250968
588844  0.00254428
616595  0.00172549
645654  0.00188324
676083  0.00179847
707946  0.00125748
741310  0.00123017
776247  0.000811173
812830  0.000267126
891251  7.30865e-05
933254  4.65314e-05
977237  4.44372e-05
1.02329e+06  6.36558e-05
1.07152e+06  0.000121581
1.12202e+06  3.87032e-05
1.1749e+06  5.54418e-05
1.23027e+06  5.29466e-05
1.28825e+06  8.42726e-05
1.34896e+06  4.82878e-05
1.41254e+06  4.61146e-05
1.47911e+06  5.87187e-05
1.54882e+06  2.8038e-05
1.62181e+06  8.03281e-05
1.69824e+06  6.39274e-05
1.77828e+06  6.10486e-05
1.86209e+06  6.99629e-05
1.94984e+06  6.68139e-05
2.04174e+06  4.25379e-05
2.13796e+06  4.06234e-05
2.23872e+06  1.93976e-05
2.34423e+06  5.55734e-05
2.45471e+06  3.53815e-05
3.38844e+06  6.4079e-06
3.89045e+06  1.11621e-05
4.46684e+06  4.86089e-06
4.67735e+06  4.64213e-06
5.12861e+06  4.23366e-06
5.62341e+06  3.86106e-06
5.88844e+06  3.68736e-06
7.4131e+06  5.85796e-06
9.77237e+06  2.22186e-06
1.41254e+07  1.53715e-06
