1621.81  0.093716
1698.24  0.14064
1778.28  0.15873
1862.09  0.174907
1949.84  0.178171
2041.74  0.212689
2137.96  0.203117
2238.72  0.135783
2344.23  0.277864
2454.71  0.265361
2570.4  0.168945
2691.53  0.217811
2818.38  0.238824
2951.21  0.220718
3090.3  0.224836
3235.94  0.254976
3388.44  0.166606
3548.13  0.263139
3715.35  0.262984
3890.45  0.195337
4073.8  0.218524
4265.8  0.218867
4466.84  0.335401
4677.35  0.199611
4897.79  0.274858
5128.61  0.258254
5370.32  0.254716
5623.41  0.297308
5888.44  0.250741
6165.95  0.260584
6456.54  0.289211
6760.83  0.285829
7079.46  0.263763
7413.1  0.289966
7762.47  0.282512
8128.31  0.253769
8511.38  0.206634
8912.51  0.182716
9332.54  0.15588
9772.37  0.164418
10232.9  0.184602
10715.2  0.200609
11220.2  0.150942
11749  0.118276
12302.7  0.0988337
12882.5  0.101127
13489.6  0.0997947
14125.4  0.0999149
14791.1  0.0733984
15488.2  0.0911234
16218.1  0.0856833
16982.4  0.0588131
17782.8  0.0720375
18620.9  0.0583023
19498.4  0.0679275
20417.4  0.0510456
21379.6  0.0558572
22387.2  0.0591624
23442.3  0.045385
24547.1  0.0486496
25704  0.0447705
26915.3  0.0459823
28183.8  0.0400608
29512.1  0.040465
30903  0.043562
32359.4  0.0301946
33884.4  0.0346026
35481.3  0.0293737
37153.5  0.0333113
38904.5  0.0273472
40738  0.0223855
42658  0.0239229
44668.4  0.0213879
46773.5  0.015319
48977.9  0.0212793
51286.1  0.0182048
53703.2  0.0113207
56234.1  0.0193053
58884.4  0.0165931
61659.5  0.00739496
64565.4  0.0117702
67608.3  0.0125251
70794.6  0.00674745
74131  0.00790823
77624.7  0.00811175
81283.1  0.00667816
85113.8  0.00663269
89125.1  0.00755227
93325.4  0.00604908
97723.7  0.00444372
102329  0.00488027
107152  0.00243163
112202  0.00328977
117490  0.00406573
123027  0.00352977
128825  0.00320236
134896  0.00128767
141254  0.0019983
147911  0.00176156
154882  0.0014019
162181  0.000803282
169824  0.00166211
177828  0.00170936
186209  0.00104944
194984  0.00122492
204174  0.00116979
213796  0.000507793
223872  0.000775901
234423  0.000648356
245471  0.000442269
257040  0.0009292
269153  0.000403354
281838  0.0003852
295121  0.000441436
309030  0.000140523
323594  0.000268397
338844  0.000192237
354813  6.11951e-05
371535  0.000233763
389045  0.000446485
407380  0.000266493
426580  0.0001527
446684  0.000194436
467735  9.28424e-05
489779  0.000265992
512861  0.000169347
537032  4.04312e-05
562341  0.000115832
588844  7.37473e-05
645654  3.36292e-05
676083  3.21156e-05
741310  2.92898e-05
776247  5.5943e-05
1.07152e+06  4.05272e-05
