2344.23  0.250078
2454.71  0.24767
2570.4  0.380127
2691.53  0.225878
2818.38  0.34668
2951.21  0.331077
3090.3  0.259967
3235.94  0.348915
3388.44  0.281948
3548.13  0.305975
3715.35  0.379865
3890.45  0.334863
4073.8  0.319792
4265.8  0.310486
4466.84  0.311097
4677.35  0.343517
4897.79  0.314756
5128.61  0.321759
5370.32  0.319406
5623.41  0.351364
5888.44  0.394548
6165.95  0.426091
6456.54  0.363195
6760.83  0.420715
7079.46  0.414047
7413.1  0.330971
7762.47  0.274121
8128.31  0.376647
8511.38  0.278063
8912.51  0.34107
9332.54  0.309434
9772.37  0.282176
10232.9  0.269476
10715.2  0.279637
11220.2  0.253506
11749  0.255033
12302.7  0.250614
12882.5  0.22248
13489.6  0.235
14125.4  0.202904
14791.1  0.201112
15488.2  0.183649
16218.1  0.176722
16982.4  0.162375
17782.8  0.126981
18620.9  0.10611
19498.4  0.0957667
20417.4  0.0967739
21379.6  0.083278
22387.2  0.102807
23442.3  0.0731717
24547.1  0.0831466
25704  0.083628
26915.3  0.0693768
28183.8  0.0824328
29512.1  0.0698941
30903  0.0646403
32359.4  0.0590472
33884.4  0.0525448
35481.3  0.0471202
37153.5  0.0496747
38904.5  0.0552525
40738  0.0437049
42658  0.0407198
44668.4  0.043262
46773.5  0.0403865
48977.9  0.0359089
51286.1  0.0342927
53703.2  0.0295147
56234.1  0.0231663
58884.4  0.0228617
61659.5  0.022537
64565.4  0.0195049
67608.3  0.0208751
70794.6  0.0153351
74131  0.0161094
77624.7  0.0145452
81283.1  0.0117536
85113.8  0.0127552
89125.1  0.0104757
93325.4  0.0120982
97723.7  0.0111093
102329  0.0108215
107152  0.00830807
112202  0.00696658
117490  0.00960991
123027  0.00564763
128825  0.00640472
134896  0.00531166
141254  0.00476518
147911  0.00381672
154882  0.00476645
162181  0.00455193
169824  0.00345208
177828  0.00293033
186209  0.00361475
194984  0.00289527
204174  0.00170151
213796  0.00182805
223872  0.00106686
234423  0.00175982
245471  0.000972991
257040  0.00101367
269153  0.00104872
281838  0.0015408
295121  0.000662154
309030  0.00105392
323594  0.000939388
338844  0.000192237
354813  0.00036717
371535  0.000409085
389045  0.000223242
407380  0.000373091
426580  0.000407199
446684  9.72179e-05
467735  0.000232106
489779  0.000310324
512861  0.000296357
537032  0.000202156
562341  0.000347495
588844  0.000110621
616595  0.000211284
645654  6.72584e-05
676083  0.000128462
707946  3.06701e-05
741310  0.000146449
812830  5.34252e-05
851138  2.55104e-05
891251  7.30865e-05
933254  2.32657e-05
1.02329e+06  2.12186e-05
1.12202e+06  1.93516e-05
1.1749e+06  1.84806e-05
1.23027e+06  1.76489e-05
1.28825e+06  1.68545e-05
1.47911e+06  1.46797e-05
1.62181e+06  4.01641e-05
