6760.83  0.022481
7079.46  0.0766754
7413.1  0.0820104
7762.47  0.120278
8128.31  0.0961653
8511.38  0.0765312
8912.51  0.107193
9332.54  0.0884096
9772.37  0.106649
10232.9  0.123068
10715.2  0.101318
11220.2  0.106434
11749  0.12382
12302.7  0.0970688
12882.5  0.0926999
13489.6  0.0853084
14125.4  0.0860805
14791.1  0.102758
15488.2  0.096731
16218.1  0.101749
16982.4  0.116348
17782.8  0.0732585
18620.9  0.0851213
19498.4  0.0857446
20417.4  0.0829491
21379.6  0.0853091
22387.2  0.0843791
23442.3  0.0852126
24547.1  0.0822621
25704  0.0903858
26915.3  0.074217
28183.8  0.0724176
29512.1  0.0684226
30903  0.0751795
32359.4  0.0691121
33884.4  0.0749724
35481.3  0.0618071
37153.5  0.0631161
38904.5  0.0541363
40738  0.0559636
42658  0.0366479
44668.4  0.0315958
46773.5  0.0334233
48977.9  0.030589
51286.1  0.0313292
53703.2  0.0291104
56234.1  0.0274135
58884.4  0.0206492
61659.5  0.0207763
64565.4  0.0208501
67608.3  0.0218386
70794.6  0.0141083
74131  0.014352
77624.7  0.00811175
81283.1  0.0125549
85113.8  0.00918373
89125.1  0.0102321
93325.4  0.00628174
97723.7  0.00866525
102329  0.00785087
107152  0.00668698
112202  0.00464438
117490  0.00535938
123027  0.00564763
128825  0.00471927
134896  0.00418494
141254  0.00584118
147911  0.00337632
154882  0.00350474
162181  0.00294537
169824  0.00383564
177828  0.00219775
186209  0.00303173
194984  0.00267256
204174  0.0019142
213796  0.00192961
223872  0.00174578
234423  0.00231556
245471  0.00176907
257040  0.000760255
269153  0.000645366
281838  0.000693359
295121  0.0008093
309030  0.000632351
323594  0.00080519
338844  0.000768949
354813  0.000428365
371535  0.000642848
389045  0.000167432
407380  0.000586286
426580  0.0001018
446684  0.000729134
467735  0.000742739
489779  0.000620647
512861  0.000677387
537032  0.000606468
562341  0.000579158
588844  0.000368737
616595  0.000246498
645654  0.000571696
676083  0.000353272
707946  0.000245361
741310  0.000263608
776247  0.000475515
812830  0.000267126
851138  0.000280614
891251  9.74487e-05
933254  0.00016286
977237  2.22186e-05
1.02329e+06  4.24372e-05
1.07152e+06  4.05272e-05
1.12202e+06  7.74063e-05
1.23027e+06  3.52977e-05
1.28825e+06  1.68545e-05
1.34896e+06  1.60959e-05
1.41254e+06  1.53715e-05
1.54882e+06  2.8038e-05
1.77828e+06  1.22097e-05
1.94984e+06  1.11357e-05
2.04174e+06  1.06345e-05
2.13796e+06  1.01558e-05
2.5704e+06  8.44727e-06
3.0903e+06  7.02612e-06
