3890.45  0.15627
4073.8  0.143906
4265.8  0.183238
4466.84  0.174992
4677.35  0.167116
4897.79  0.177328
5128.61  0.237086
5370.32  0.169811
5623.41  0.181474
5888.44  0.228617
6165.95  0.204242
6456.54  0.171509
6760.83  0.247291
7079.46  0.17482
7413.1  0.190381
7762.47  0.229367
8128.31  0.181646
8511.38  0.188777
8912.51  0.231441
9332.54  0.241963
9772.37  0.237739
10232.9  0.23977
10715.2  0.186425
11220.2  0.181905
11749  0.188502
12302.7  0.257674
12882.5  0.178658
13489.6  0.209247
14125.4  0.201367
14791.1  0.227535
15488.2  0.164022
16218.1  0.199481
16982.4  0.195617
17782.8  0.183146
18620.9  0.173741
19498.4  0.216032
20417.4  0.186104
21379.6  0.196008
22387.2  0.184276
23442.3  0.157458
24547.1  0.148602
25704  0.146982
26915.3  0.146014
28183.8  0.124034
29512.1  0.119188
30903  0.120147
32359.4  0.120778
33884.4  0.131362
35481.3  0.113823
37153.5  0.105193
38904.5  0.0870646
40738  0.0783491
42658  0.0631157
44668.4  0.0631916
46773.5  0.0533844
48977.9  0.0571882
51286.1  0.0436068
53703.2  0.0424527
56234.1  0.0436299
58884.4  0.0398235
61659.5  0.0355662
64565.4  0.0336292
67608.3  0.0301886
70794.6  0.0266831
74131  0.0205028
77624.7  0.0190206
81283.1  0.0157605
85113.8  0.0114797
89125.1  0.0192461
93325.4  0.0167513
97723.7  0.011998
102329  0.0123068
107152  0.0154003
112202  0.0131591
117490  0.012382
123027  0.0132366
128825  0.00910144
134896  0.00853084
141254  0.00860806
147911  0.00645906
154882  0.00532721
162181  0.00481969
169824  0.00357993
177828  0.00268614
186209  0.00338154
194984  0.0025612
204174  0.00329668
213796  0.00274208
223872  0.00329758
234423  0.00296392
245471  0.00327279
257040  0.00244971
269153  0.00217811
281838  0.0034668
295121  0.00272219
309030  0.00252941
323594  0.00241557
338844  0.00230685
354813  0.00220302
371535  0.00292204
389045  0.0021208
407380  0.00229184
426580  0.00285039
446684  0.00213879
467735  0.00208895
489779  0.00234959
512861  0.00194749
537032  0.00242587
562341  0.00235524
588844  0.00217555
616595  0.0017607
645654  0.00262308
676083  0.00263348
707946  0.00226959
741310  0.0023139
776247  0.001958
812830  0.00154933
851138  0.00188777
891251  0.00146173
933254  0.00193105
977237  0.00159974
1.02329e+06  0.00127312
1.07152e+06  0.00141845
1.12202e+06  0.00121915
1.1749e+06  0.00153389
1.23027e+06  0.00127072
1.28825e+06  0.0011124
1.34896e+06  0.000981852
1.41254e+06  0.00116824
1.47911e+06  0.00105694
1.54882e+06  0.0011075
1.62181e+06  0.000870222
1.69824e+06  0.000664845
1.77828e+06  0.000537227
1.86209e+06  0.000384796
1.94984e+06  0.000423155
2.04174e+06  0.000329669
2.13796e+06  0.000132026
2.23872e+06  3.87951e-05
2.45471e+06  1.76907e-05
2.81838e+06  1.5408e-05
3.0903e+06  1.40522e-05
3.38844e+06  6.4079e-06
3.54813e+06  6.11951e-06
3.89045e+06  5.58106e-06
4.0738e+06  5.32987e-06
4.67735e+06  4.64213e-06
5.12861e+06  4.23366e-06
5.37032e+06  4.04312e-06
5.62341e+06  3.86106e-06
6.16595e+06  7.04282e-06
6.45654e+06  3.36292e-06
6.76083e+06  3.21156e-06
7.4131e+06  2.92898e-06
9.33254e+06  2.32657e-06
9.77237e+06  2.22186e-06
1.02329e+07  2.12186e-06
1.12202e+07  1.93516e-06
1.1749e+07  1.84806e-06
