6165.95  8.27532
6456.54  10.5293
6760.83  10.4023
7079.46  10.6088
7413.1  10.2454
7762.47  10.4641
8128.31  10.3698
8511.38  10.648
8912.51  10.3028
9332.54  10.2695
9772.37  10.4561
10232.9  10.3907
10715.2  10.1054
11220.2  10.3047
11749  10.229
12302.7  9.55334
12882.5  8.81997
13489.6  8.53567
14125.4  7.97936
14791.1  7.7083
15488.2  7.77213
16218.1  7.72756
16982.4  7.51401
17782.8  7.59324
18620.9  7.38223
19498.4  7.35845
20417.4  7.00707
21379.6  6.95269
22387.2  6.95982
23442.3  6.77903
24547.1  6.53408
25704  6.32785
26915.3  6.24633
28183.8  5.85966
29512.1  5.85565
30903  5.51832
32359.4  5.2807
33884.4  5.14746
35481.3  4.87909
37153.5  4.62033
38904.5  4.31081
40738  4.09281
42658  3.79407
44668.4  3.50227
46773.5  3.1701
48977.9  2.79779
51286.1  2.464
53703.2  2.11051
56234.1  1.74134
58884.4  1.36174
61659.5  0.905706
64565.4  0.56867
67608.3  0.548855
70794.6  0.503912
74131  0.451941
77624.7  0.434398
81283.1  0.390806
85113.8  0.35638
89125.1  0.317683
93325.4  0.264531
97723.7  0.221075
102329  0.183116
107152  0.179333
112202  0.167585
117490  0.158564
123027  0.139779
128825  0.141241
134896  0.12587
141254  0.109292
147911  0.0945371
154882  0.0863569
162181  0.0751068
169824  0.0661009
177828  0.0692291
186209  0.0583025
194984  0.0589077
204174  0.0532787
213796  0.0454983
223872  0.0415107
234423  0.0365858
245471  0.0314895
257040  0.0230611
269153  0.0237979
281838  0.0224186
295121  0.0231018
309030  0.0191111
323594  0.0172445
338844  0.0157635
354813  0.0151764
371535  0.0125648
389045  0.0108831
407380  0.00778161
426580  0.00768588
446684  0.00719412
467735  0.00543128
489779  0.00523117
512861  0.00563078
537032  0.00549864
562341  0.00393827
588844  0.00412985
616595  0.00362705
645654  0.00275759
676083  0.00186271
707946  0.00217758
741310  0.00199171
776247  0.00184612
812830  0.00130892
851138  0.0014796
891251  0.000950125
933254  0.000837566
977237  0.000533246
1.02329e+06  0.000721432
1.07152e+06  0.000385008
1.12202e+06  0.000483789
1.1749e+06  0.000535938
1.23027e+06  0.000547115
1.28825e+06  0.000455072
1.34896e+06  0.000450686
1.41254e+06  0.000368916
1.47911e+06  0.000396351
1.54882e+06  0.000350474
1.62181e+06  0.000307925
1.69824e+06  0.000178997
1.77828e+06  0.000158726
1.86209e+06  0.000268191
1.94984e+06  0.000144764
2.04174e+06  0.000170152
2.13796e+06  0.000233584
2.23872e+06  7.75902e-05
2.34423e+06  8.33602e-05
2.45471e+06  7.0763e-05
2.5704e+06  8.44727e-06
2.69153e+06  3.22683e-05
2.81838e+06  4.6224e-05
2.95121e+06  2.20718e-05
3.0903e+06  2.81045e-05
3.23594e+06  2.01297e-05
3.38844e+06  6.4079e-06
3.54813e+06  1.83585e-05
3.71535e+06  2.92204e-05
3.89045e+06  5.58106e-06
4.0738e+06  1.06597e-05
4.2658e+06  1.527e-05
4.46684e+06  1.45827e-05
4.67735e+06  4.64213e-06
4.89779e+06  4.43319e-06
5.12861e+06  8.46733e-06
5.88844e+06  1.10621e-05
6.16595e+06  7.04282e-06
6.45654e+06  1.00887e-05
6.76083e+06  6.42312e-06
7.07946e+06  9.20104e-06
7.4131e+06  8.78695e-06
7.76247e+06  8.39146e-06
8.1283e+06  8.01378e-06
8.51138e+06  5.10207e-06
8.91251e+06  4.87244e-06
9.33254e+06  6.97971e-06
9.77237e+06  4.44371e-06
1.02329e+07  6.36557e-06
1.07152e+07  2.02636e-06
1.12202e+07  1.93516e-06
1.1749e+07  5.54419e-06
1.23027e+07  3.52977e-06
1.28825e+07  1.17982e-05
1.34896e+07  4.82879e-06
1.41254e+07  7.68575e-06
1.47911e+07  1.46797e-06
1.54882e+07  2.8038e-06
1.62181e+07  4.01641e-06
1.69824e+07  3.83564e-06
1.77828e+07  3.66292e-06
1.86209e+07  2.33209e-06
1.94984e+07  3.3407e-06
2.04174e+07  3.19034e-06
2.13796e+07  2.03117e-06
2.23872e+07  3.8795e-06
2.34423e+07  1.85245e-06
2.5704e+07  2.53418e-06
2.69153e+07  1.61342e-06
2.81838e+07  7.70399e-07
2.95121e+07  7.35727e-07
3.0903e+07  7.02613e-07
9.77237e+07  2.22186e-07
1.34896e+08  1.60956e-07
