562.341  0.193057
588.844  0.516231
616.595  0.422569
645.654  0.470808
676.083  0.610198
707.946  0.521393
741.31  0.497921
776.247  0.419573
812.831  0.747953
851.138  0.841842
891.251  0.609054
933.254  0.767769
977.237  0.577683
1023.29  1.27311
1071.52  2.33031
1122.02  2.72858
1174.9  2.60576
1230.27  2.64733
1288.25  2.32593
1348.96  2.83285
1412.54  2.62853
1479.11  2.89189
1548.82  2.66361
1621.81  2.89181
1698.24  2.33974
1778.28  2.52748
1862.09  2.8918
1949.84  2.5278
2041.74  2.66925
2137.96  2.72177
2238.72  2.84174
2344.23  2.76012
2454.71  2.83936
2570.4  2.82138
2691.53  3.07356
2818.38  2.91982
2951.21  3.3402
3090.3  2.97206
3235.94  3.09998
3388.44  3.29367
3548.13  3.12095
3715.35  2.99217
3890.45  2.89657
4073.8  3.04868
4265.8  2.85545
4466.84  2.79501
4677.35  2.81777
4897.79  2.56682
5128.61  2.53173
5370.32  2.40161
5623.41  2.53291
5888.44  1.97274
6165.95  1.97551
6456.54  1.90005
6760.83  1.66359
7079.46  1.43536
7413.1  1.41175
7762.47  1.36781
8128.31  1.31159
8511.38  1.20154
8912.51  1.2108
9332.54  1.00508
9772.37  0.942069
10232.9  0.876327
10715.2  0.893624
11220.2  0.816636
11749  0.790971
12302.7  0.695366
12882.5  0.691036
13489.6  0.639008
14125.4  0.636381
14791.1  0.538744
15488.2  0.507487
16218.1  0.476613
16982.4  0.43982
17782.8  0.365072
18620.9  0.274021
19498.4  0.24053
20417.4  0.232895
21379.6  0.244756
22387.2  0.262836
23442.3  0.251933
24547.1  0.219366
25704  0.224697
26915.3  0.233945
28183.8  0.200304
29512.1  0.214097
30903  0.166519
32359.4  0.18251
33884.4  0.160197
35481.3  0.142585
37153.5  0.136752
38904.5  0.117202
40738  0.115125
42658  0.0931466
44668.4  0.0831213
46773.5  0.0682392
48977.9  0.0771375
51286.1  0.0656219
53703.2  0.0683287
56234.1  0.0528965
58884.4  0.0464608
61659.5  0.047539
64565.4  0.0443906
67608.3  0.0314732
70794.6  0.0199356
74131  0.017281
77624.7  0.0176221
81283.1  0.0160276
85113.8  0.0125001
89125.1  0.0151045
93325.4  0.0127961
97723.7  0.0104427
102329  0.00721432
107152  0.00607908
112202  0.00619251
117490  0.0029569
123027  0.00564763
128825  0.00589908
134896  0.00450686
141254  0.00461146
147911  0.00322953
154882  0.00252342
162181  0.00187432
169824  0.00166211
177828  0.00158726
186209  0.00303173
194984  0.00189306
204174  0.00106345
213796  0.00162494
223872  0.000581926
234423  0.000740979
245471  0.000176907
257040  0.000506836
269153  0.000484025
281838  0.000693359
295121  0.000220718
323594  6.70992e-05
354813  0.00012239
389045  0.000111621
407380  5.32987e-05
426580  0.0001018
446684  4.86089e-05
467735  4.64212e-05
489779  0.00022166
537032  0.000121294
562341  0.000115832
616595  7.04281e-05
645654  6.72584e-05
676083  3.21156e-05
707946  9.20104e-05
741310  2.92898e-05
776247  2.79715e-05
812830  2.67126e-05
851138  2.55104e-05
891251  4.87243e-05
933254  9.30629e-05
977237  2.22186e-05
1.02329e+06  2.12186e-05
1.07152e+06  6.07907e-05
1.12202e+06  1.93516e-05
1.1749e+06  1.84806e-05
