220.000000      0.011818
275.000000      0.057273
583.000000      0.095455
891.000000      0.129091
1210.000000     0.155454
1518.000000     0.190000
2420.000000     0.14
2860.000000     0.137273
3190.000000     0.14
3520.000000     0.141818
3960.000000     0.143636
4400.000000     0.140909
4950.000000     0.138182
5390.000000     0.139091
5940.000000     0.125454
6380.000000     0.116364
7150.000000     0.101818
8140.000000     0.0918182
9350.000000     0.0781818
10340.000000    0.0709091
11880.000000    0.06
13970.000000    0.0445455
16170.000000    0.0372727
19470.000000    0.0245455
24310.000000    0.0136364
30140.000000    0.00909091
261800.000000   4.45455e-05
1903000.000000  1.45454e-07
22770000.000000 3.63636e-10
