252.000000      0.113333
696.000000      0.261667
1008.000000     0.3425
1332.000000     0.41
1656.000000     0.585833
1992.000000     0.610833
5880.000000     0.438333
7800.000000     0.355833
10200.000000    0.275
13560.000000    0.204167
18000.000000    0.134333
23280.000000    0.0880833
30360.000000    0.0558333
40080.000000    0.03325
52320.000000    0.0193333
68760.000000    0.0109167
89880.000000    0.0061
117720.000000   0.00304167
154800.000000   0.00150833
202800.000000   0.00075
265200.000000   0.000383333
391200.000000   0.000139167
668400.000000   3.16667e-05
1147200.000000  7.08333e-06
1699200.000000  2.80833e-06
2738400.000000  7.85e-07
4766400.000000  1.9e-07
8292000.000000  4.30833e-08
14418000.000000 1.09167e-08
25064400.000000 3e-09
43566000.000000 8.66667e-10
88981200.000000 1.24167e-10
