434.000000      0.0771429
744.800000      0.0892857
1188.600000     0.102143
1738.800000     0.0928571
2507.400000     0.118571
3920.000000     0.100714
4480.000000     0.105
5040.000000     0.103571
5600.000000     0.100714
5880.000000     0.0971429
6580.000000     0.0985714
7000.000000     0.0978571
7560.000000     0.0921428
8120.000000     0.085
8680.000000     0.0764286
9380.000000     0.0728571
10360.000000    0.0657143
11900.000000    0.0542857
13160.000000    0.0507143
15260.000000    0.04
17780.000000    0.0314286
20580.000000    0.0264286
24780.000000    0.0171429
35000.000000    0.0178571
56000.000000    0.00785714
88200.000000    0.00242857
140000.000000   0.000857143
224000.000000   0.000264286
350000.000000   7.85714e-05
560000.000000   1.92857e-05
882000.000000   5.28572e-06
1400000.000000  1.28571e-06
2240000.000000  2.78571e-07
3500000.000000  2.85714e-08
11568200.000000 2.71429e-09
