1615.000000     0.0051579
1900.000000     0.00568421
2280.000000     0.0061579
2698.000000     0.00642105
3230.000000     0.00694737
3800.000000     0.00710526
4560.000000     0.00778947
7790.000000     0.00842105
9310.000000     0.00631579
11020.000000    0.00578947
11780.000000    0.00384392
15200.000000    0.00278526
19000.000000    0.00193947
23750.000000    0.00170189
30400.000000    0.0012001
39900.000000    0.000784705
50350.000000    0.000540379
63650.000000    0.000335
81700.000000    0.000222316
106400.000000   0.000125747
142500.000000   5.91684e-05
201400.000000   2.68395e-05
307800.000000   7.53158e-06
665000.000000   6.91053e-07
907039.100000   2.10526e-07
1416870.000000  5.26316e-08
2262121.000000  5.26316e-08
