8.0     98.1
15.7    172
23.3    285
34.5    429
41.9    337.6
56.6    435.2
77.1    590
100.0   643.7
125.0   811.7
205.000000      1475.000000
218.000000      1523.000000
231.000000      1568.000000
244.000000      1605.000000
259.000000      1641.000000
274.000000      1669.000000
290.000000      1693.000000
307.000000      1708.000000
326.000000      1721.000000
345.000000      1725.000000
365.000000      1725.000000
387.000000      1717.000000
410.000000      1705.000000
434.000000      1686.000000
460.000000      1660.000000
487.000000      1632.000000
516.000000      1599.000000
546.000000      1561.000000
579.000000      1519.000000
613.000000      1475.000000
649.000000      1428.000000
688.000000      1378.000000
729.000000      1326.000000
772.000000      1273.000000
818.000000      1224.000000
866.000000      1169.000000
917.000000      1115.000000
972.000000      1058.000000
1029.000000     1003.000000
1090.000000     948.300000
1155.000000     894.800000
1223.000000     842.100000
1296.000000     790.900000
1373.000000     741.000000
1454.000000     692.700000
1540.000000     646.200000
1631.000000     602.000000
1728.000000     559.200000
1830.000000     517.600000
1939.000000     478.000000
2054.000000     440.900000
2175.000000     405.200000
2304.000000     371.800000
2441.000000     340.200000
2585.000000     312.000000
2739.000000     285.100000
2901.000000     259.900000
3073.000000     236.900000
3286.000000     211.800000
3548.000000     185.400000
3831.000000     161.300000
4137.000000     139.700000
4467.000000     120.600000
4823.000000     103.800000
5208.000000     88.990000
5623.000000     76.060000
6072.000000     64.670000
6556.000000     54.860000
7079.000000     46.380000
7644.000000     39.040000
8254.000000     32.820000
8912.000000     27.390000
9623.000000     22.920000
10490.000000    18.640000
11550.000000    14.720000
12710.000000    11.660000
13990.000000    9.137000
15400.000000    7.171000
16950.000000    5.603000
18650.000000    4.362000
20530.000000    3.396000
22600.000000    2.635000
24870.000000    2.049000
27380.000000    1.581000
30130.000000    1.221000
33480.000000    0.914000
37570.000000    0.672500
42150.000000    0.488300
47300.000000    0.357100
53070.000000    0.258500
59540.000000    0.189300
66810.000000    0.137900
74960.000000    0.100500
84100.000000    0.073450
94360.000000    0.053770
106500.000000   0.038690
121100.000000   0.027120
137600.000000   0.019240
156400.000000   0.013670
