1500.000000     0.046
2000.000000     0.05335
2400.000000     0.05795
2840.000000     0.0639
3400.000000     0.0674
4000.000000     0.0684
4800.000000     0.0693
7800.000000     0.042
9400.000000     0.038
11400.000000    0.033
14200.000000    0.0285
17400.000000    0.024
21600.000000    0.019
26800.000000    0.0145
33400.000000    0.0095
42000.000000    0.00573035
53000.000000    0.00392832
67000.000000    0.00258117
86000.000000    0.0017138
112000.000000   0.0010164
150000.000000   0.000563925
212000.000000   0.000250369
324000.000000   8.1567e-05
700000.000000   9.373e-06
863377.200000   6.46e-06
1701377.000000  1.13e-06
3441377.000000  2.37e-07
7081377.000000  1.58e-08
14681380.000000 3.88e-09
21600000.000000 1.6e-09
36680000.000000 4.1e-10
80020000.000000 4.45e-11
157440000.000000        1.1e-11
312220000.000000        3.9e-12
