2300.000000     0.0086087
2760.000000     0.00930435
3266.000000     0.010087
3910.000000     0.011
4600.000000     0.0115652
5520.000000     0.0113478
6555.000000     0.0121739
10285.920000    0.00873913
12597.630000    0.00743478
14905.700000    0.00639131
17211.610000    0.00508695
18400.000000    0.00332667
23000.000000    0.00259261
28750.000000    0.00226908
36800.000000    0.00162227
48300.000000    0.00108039
60950.000000    0.000705183
77050.000000    0.000415109
98900.000000    0.000294609
128800.000000   0.0001716
172500.000000   8.82348e-05
243800.000000   3.73344e-05
372600.000000   1.06461e-05
805000.000000   1.09087e-06
1097995.000000  5.65217e-07
1715158.000000  3.04348e-07
