1800.000000     0.0708333
2400.000000     0.0621667
2880.000000     0.06775
3408.000000     0.0727083
4080.000000     0.07675
4800.000000     0.0784583
5760.000000     0.0780833
6840.000000     0.0749167
10733.140000    0.0504583
13145.350000    0.0515833
15553.780000    0.04375
17959.940000    0.0365417
20364.670000    0.0287917
22768.390000    0.0295417
26290.800000    0.0229792
32199.360000    0.0164167
41569.200000    0.0089
58787.760000    0.00516667
131453.500000   0.00118095
134400.000000   0.0011264
180000.000000   0.000584
254400.000000   0.000270465
388800.000000   8.81567e-05
840000.000000   1.03188e-05
1128000.000000  4.45833e-06
1797600.000000  1.2125e-06
3139200.000000  2.25417e-07
5472000.000000  5.91667e-08
9528000.000000  1.55e-08
16574400.000000 3.54167e-09
28819200.000000 7.91667e-10
50100000.000000 2.79167e-10
101181600.000000        2.5e-11
242712000.000000        2.79167e-12
