2700.000000     0.00803704
3240.000000     0.00874074
3834.000000     0.00944444
4590.000000     0.0102222
5400.000000     0.0104815
6480.000000     0.0104074
7695.000000     0.0107407
12074.780000    0.00822222
14788.520000    0.00696296
17498.000000    0.00714815
20204.940000    0.00714815
21600.000000    0.0029155
27000.000000    0.00214648
33750.000000    0.00202761
43200.000000    0.00137789
56700.000000    0.0009789
71550.000000    0.000657659
90450.000000    0.00041937
116100.000000   0.000275407
151200.000000   0.000162311
202500.000000   8.43556e-05
286200.000000   3.81396e-05
437400.000000   1.20919e-05
945000.000000   1.44444e-06
1288950.000000  2.59259e-07
2013447.000000  1.48148e-07
3214593.000000  1.11111e-07
