2240.000000     0.0439286
3640.000000     0.0410714
5880.000000     0.0467857
15336.240000    0.0311428
18146.070000    0.0307143
20953.270000    0.02825
23758.780000    0.0226429
26563.120000    0.0211429
30672.600000    0.0145357
37565.920000    0.0120833
48497.400000    0.00735714
68585.720000    0.00311071
153362.400000   0.000691326
157360.000000   0.000546429
198240.000000   0.000332143
249480.000000   0.000284643
313600.000000   0.000152143
397600.000000   9.67857e-05
498400.000000   5.64286e-05
627200.000000   3.02143e-05
789600.000000   1.81429e-05
994000.000000   8.39286e-06
1251600.000000  3.82143e-06
1573600.000000  2.59286e-06
1982400.000000  1.40714e-06
2494800.000000  6.57143e-07
3136000.000000  3.21071e-07
3976000.000000  2.09643e-07
4984000.000000  8.75e-08
7028000.000000  2.10357e-08
11144000.000000 7.92857e-09
19824000.000000 9.64286e-10
33619600.000000 6.78571e-10
67712400.000000 1.14286e-10
