3720.000000     0.000967742
4402.000000     0.00103226
5270.000000     0.00116129
6200.000000     0.00129032
7440.000000     0.00129032
8835.000000     0.0013871
10540.000000    0.0013871
16979.410000    0.00145161
20090.290000    0.00141935
23198.260000    0.00119355
26304.370000    0.00119355
29409.170000    0.00103226
33958.950000    0.000870968
41590.840000    0.000860215
53693.550000    0.000541935
75934.190000    0.000135484
169794.100000   1.98157e-05
232500.000000   1.43645e-05
328600.000000   5.62484e-06
502200.000000   1.81226e-06
834699.800000   3.22581e-07
1049889.000000  3.22581e-07
1479906.000000  2.25806e-07
2311735.000000  9.67742e-08
