3840.000000     0.005625
4544.000000     0.00603125
5440.000000     0.0065
6400.000000     0.006875
7680.000000     0.00734375
9120.000000     0.0070625
10880.000000    0.00665625
17527.140000    0.00534375
20738.370000    0.0065625
23946.590000    0.0049375
27152.900000    0.00396875
30357.860000    0.00365625
35054.400000    0.00375
42932.480000    0.00190625
55425.600000    0.001225
78383.680000    0.000578125
175271.400000   8.48214e-05
2240000.000000  3.4375e-07
7136000.000000  1.625e-08
20608000.000000 6.5625e-10
40224000.000000 8.125e-11
