4200.000000     0.0008
4970.000000     0.000828571
5950.000000     0.000914286
7000.000000     0.00111429
8400.000000     0.00114286
9975.000000     0.0012
11900.000000    0.00111429
19170.300000    0.00134286
22682.590000    0.00122857
26191.590000    0.00122857
29698.480000    0.001
33203.910000    0.0008
38340.750000    0.000671428
46957.400000    0.000371429
60621.750000    0.00024
85732.150000    8e-05
191703.100000   1.91837e-05
196000.000000   2.18743e-05
262500.000000   1.168e-05
371000.000000   4.888e-06
567000.000000   1.51429e-06
1225000.000000  1.44857e-07
