5538.000000     0.00128205
6630.000000     0.00138462
7800.000000     0.00148718
9360.000000     0.00161538
11115.000000    0.00174359
13260.000000    0.00179487
25274.880000    0.0018718
29184.910000    0.00133333
33092.590000    0.00107692
36998.640000    0.0011282
42722.550000    0.000538461
52323.960000    0.000435897
67549.950000    0.000389744
95530.110000    0.000105128
103350.000000   0.00011319
130650.000000   6.52821e-05
167700.000000   4.62564e-05
218400.000000   2.84308e-05
292500.000000   1.40385e-05
413400.000000   5.1459e-06
631800.000000   1.79385e-06
1365000.000000  1.8e-07
