4320.000000     0.00161111
5112.000000     0.00183333
6120.000000     0.00213889
7200.000000     0.00230555
8640.000000     0.00244444
10260.000000    0.00258333
12240.000000    0.00247222
19718.030000    0.00322222
23330.660000    0.00183333
26939.920000    0.00119444
30547.010000    0.00177778
34152.590000    0.00147222
39436.200000    0.00138889
48299.040000    0.00062963
62353.800000    0.000327778
88181.640000    0.000225
95400.000000    0.000186
120600.000000   0.000105153
154800.000000   6.72222e-05
201600.000000   3.99667e-05
270000.000000   2.02778e-05
381600.000000   8.49917e-06
583200.000000   2.85611e-06
1260000.000000  3.25e-07
2520000.000000  1.05556e-07
8028000.000000  4.16667e-09
20088000.000000 5.27778e-10
39780000.000000 8.88889e-11
