6390.000000     0.000666667
7650.000000     0.000777778
9000.000000     0.000822222
10800.000000    0.000866667
12825.000000    0.000955556
15300.000000    0.000866667
18000.000000    0.000755556
29163.330000    0.00128889
33674.900000    0.000822222
38183.760000    0.000555556
42690.740000    0.000711111
49295.250000    0.000488889
60373.800000    0.000355556
77942.250000    0.000248889
110227.100000   7.55556e-05
246475.400000   9.20635e-06
1211661.000000  4.44444e-07
3355744.000000  6.66667e-08
5357655.000000  4.44444e-08
