6816.000000     0.00264583
8160.000000     0.00279167
9600.000000     0.00291667
11520.000000    0.00304167
13680.000000    0.00302083
16320.000000    0.00295833
19200.000000    0.00275
31107.550000    0.00214583
35919.890000    0.002
40729.350000    0.00154167
45536.790000    0.000875
52581.600000    0.001
64398.720000    0.000611111
83138.400000    0.0003375
117575.500000   0.00014375
262907.000000   2.23214e-05
1051627.000000  1.04167e-06
1292438.000000  4.16667e-07
1625635.000000  4.16667e-07
2291467.000000  8.33333e-08
3579461.000000  6.25e-08
