7242.000000     0.00119608
8670.000000     0.0012549
10200.000000    0.00131373
12240.000000    0.00137255
14535.000000    0.00141176
17340.000000    0.00137255
20400.000000    0.00117647
33051.770000    0.00137255
38164.880000    0.00109804
43274.930000    0.00072549
48382.830000    0.000568627
55867.950000    0.000529412
68423.640000    0.000294118
88334.550000    0.000172549
124924.000000   6.86274e-05
279338.700000   1.20448e-05
1373216.000000  7.84314e-07
1727237.000000  1.96078e-07
2434684.000000  1.37255e-07
3803177.000000  1.56863e-07
