7384.000000     0.00240385
8840.000000     0.00253846
10400.000000    0.00265385
12480.000000    0.00265385
14820.000000    0.00267308
17680.000000    0.00244231
20800.000000    0.00225
33699.850000    0.00301923
38913.210000    0.00182692
44123.460000    0.00109615
49331.520000    0.00117308
56963.400000    0.000644231
69765.280000    0.000557692
90066.600000    0.000365385
127373.500000   9.42308e-05
284816.000000   1.8956e-05
1400142.000000  1.92308e-07
1761105.000000  3.84615e-07
2482423.000000  3.46154e-07
3877749.000000  9.61538e-08
