7810.000000     0.00143636
9350.000000     0.00149091
11000.000000    0.00154546
13200.000000    0.00156364
15675.000000    0.00154546
18700.000000    0.00143636
22000.000000    0.00145455
35644.070000    0.00196364
41158.210000    0.00134545
46669.040000    0.000745455
52177.570000    0.00101818
60249.750000    0.000845454
73790.200000    0.000418182
95262.750000    0.000272727
134722.000000   7.81818e-05
301247.700000   1.50649e-05
412500.000000   1.19454e-05
583000.000000   5.264e-06
891000.000000   1.73455e-06
1925000.000000  2.19818e-07
