9520.000000     0.0159821
11200.000000    0.0164286
13440.000000    0.0165
15960.000000    0.0161429
19040.000000    0.0153036
22400.000000    0.014125
26600.000000    0.0120179
36292.140000    0.00933929
41906.540000    0.00825
47517.570000    0.008125
53126.250000    0.005125
61345.200000    0.0045625
75131.840000    0.00331548
96994.800000    0.00191786
137171.400000   0.000928571
306724.900000   0.000211224
444640.000000   0.000170536
628320.000000   7.35714e-05
791280.000000   4e-05
1117200.000000  1.875e-05
1578080.000000  6.625e-06
1986880.000000  4.125e-06
2501520.000000  2.48214e-06
3149440.000000  1.21786e-06
3964800.000000  7.10714e-07
4990720.000000  4.41071e-07
6283200.000000  2.17857e-07
7912800.000000  9.75e-08
9956800.000000  5.35714e-08
14067200.000000 2.73214e-08
22294160.000000 7.92857e-09
35336000.000000 2.5e-09
62832000.000000 6.17857e-10
89600000.000000 1.31964e-10
190400000.000000        6.375e-11
616000000.000000        1.83929e-12
5320000000.000000       4.125e-14
