322.000000      0.0171429
504.000000      0.0314286
665.000000      0.0385714
1190.000000     0.121
1330.000000     0.124714
1400.000000     0.138429
1540.000000     0.151
1750.000000     0.150143
1890.000000     0.141429
2030.000000     0.147857
2660.000000     0.125286
2870.000000     0.117143
3150.000000     0.120429
3430.000000     0.111143
3780.000000     0.106857
4060.000000     0.0967143
4340.000000     0.0927143
4690.000000     0.0837143
5250.000000     0.0758571
5880.000000     0.0624286
6580.000000     0.0545714
7490.000000     0.0475714
8890.000000     0.0377143
10290.000000    0.0297143
12390.000000    0.0208571
15470.000000    0.0132857
18900.000000    0.00971429
23100.000000    0.0171429
30100.000000    0.0104286
39900.000000    0.00471429
58100.000000    0.00214286
84000.000000    0.000714286
131600.000000   0.0002
235900.000000   5.42857e-05
1029000.000000  1.71429e-06
